#     BLOCK:  ACTUAL_PE:     PE_AVE:      ERROR:
           1    -8.49169    -8.49169           0
           2    -8.37112     -8.4314   0.0426269
           3    -8.21585    -8.35955    0.065186
           4     -8.1362    -8.30371   0.0687652
           5    -8.01341    -8.24565   0.0756511
           6    -7.93411    -8.19373   0.0788737
           7    -7.91527    -8.15395   0.0769868
           8    -7.90945    -8.12339   0.0731789
           9    -7.91895    -8.10067   0.0684829
          10    -7.88027    -8.07863   0.0650847
          11    -7.88673    -8.06119   0.0614615
          12    -7.83981    -8.04274   0.0590435
          13    -7.78865    -8.02319    0.057646
          14    -7.71918    -8.00148    0.057473
          15      -7.803    -7.98825   0.0551436
          16    -7.83351    -7.97858   0.0525383
          17    -7.78175      -7.967   0.0507075
          18    -7.75977    -7.95549   0.0491799
          19    -7.67834     -7.9409   0.0487066
          20    -7.71879    -7.92979   0.0475205
          21    -7.73782    -7.92065   0.0461285
          22    -7.75483    -7.91311   0.0446434
          23    -7.78792    -7.90767   0.0430329
          24    -7.79944    -7.90316   0.0414755
          25    -7.75825    -7.89736   0.0402195
          26    -7.77244    -7.89256   0.0389586
          27    -7.70539    -7.88563   0.0381274
          28    -7.69832    -7.87894    0.037348
          29    -7.69548    -7.87261    0.036592
          30     -7.6767    -7.86608   0.0359502
          31    -7.58313    -7.85695   0.0359305
          32    -7.58048    -7.84831   0.0358314
          33    -7.59103    -7.84052   0.0355837
          34    -7.61829    -7.83398   0.0351323
          35     -7.6766    -7.82948    0.034415
          36    -7.67658    -7.82524   0.0337202
          37    -7.76655    -7.82365   0.0328461
          38    -7.70901    -7.82063     0.03212
          39    -7.74568    -7.81871   0.0313538
          40    -7.72042    -7.81626   0.0306661
          41    -7.66641     -7.8126   0.0301352
          42    -7.71691    -7.81032   0.0295037
          43    -7.70191     -7.8078    0.028925
          44    -7.63449    -7.80386   0.0285346
          45     -7.6071    -7.79949   0.0282335
          46    -7.53991    -7.79385    0.028178
          47    -7.55975    -7.78887   0.0280153
          48    -7.49608    -7.78277   0.0280878
          49    -7.55115    -7.77804   0.0279095
          50    -7.56534    -7.77379   0.0276736
          51    -7.60187    -7.77041   0.0273355
          52    -7.56922    -7.76655   0.0270823
          53    -7.52996    -7.76208   0.0269367
          54    -7.49593    -7.75715    0.026885
          55    -7.48124    -7.75214   0.0268601
          56    -7.48128     -7.7473   0.0268124
          57    -7.52853    -7.74346   0.0266153
          58    -7.50859    -7.73941   0.0264627
          59    -7.59236    -7.73692   0.0261313
          60    -7.54569    -7.73373   0.0258894
          61    -7.51459    -7.73014    0.025713
          62    -7.42956    -7.72529   0.0257513
          63    -7.48271    -7.72144   0.0256288
          64    -7.44799    -7.71717    0.025582
          65    -7.46215    -7.71324   0.0254875
          66    -7.46436    -7.70947   0.0253788
          67    -7.51456    -7.70656   0.0251662
          68     -7.4979     -7.7035   0.0249825
          69    -7.52132    -7.70086   0.0247595
          70    -7.48472    -7.69777   0.0245976
          71    -7.50965    -7.69512   0.0243934
          72    -7.51065    -7.69256   0.0241888
          73    -7.43318      -7.689    0.024117
          74    -7.35605     -7.6845   0.0242072
          75    -7.43392    -7.68116   0.0241139
          76     -7.4736    -7.67843   0.0239508
          77    -7.45033    -7.67547   0.0238222
          78    -7.51164    -7.67337   0.0236092
          79    -7.52371    -7.67147   0.0233862
          80    -7.48585    -7.66915   0.0232087
          81    -7.50153    -7.66709   0.0230143
          82    -7.45182    -7.66446   0.0228828
          83    -7.48468    -7.66229   0.0227094
          84    -7.47202    -7.66003   0.0225518
          85    -7.50843    -7.65825   0.0223569
          86    -7.48915    -7.65628   0.0221832
          87    -7.48891    -7.65436   0.0220115
          88    -7.44145    -7.65194   0.0218939
          89    -7.48127    -7.65002   0.0217317
          90    -7.48015    -7.64813   0.0215721
          91    -7.53931    -7.64693   0.0213681
          92    -7.52886    -7.64565   0.0211744
          93    -7.45526     -7.6436   0.0210454
          94     -7.4355    -7.64139   0.0209376
          95    -7.39799    -7.63883   0.0208734
          96    -7.48809    -7.63726    0.020715
          97    -7.49124    -7.63575    0.020556
          98    -7.44982    -7.63386   0.0204336
          99    -7.44573    -7.63196   0.0203154
         100    -7.45654     -7.6302   0.0201878
         101    -7.55198    -7.62943   0.0200028
         102    -7.55338    -7.62868   0.0198206
         103    -7.62401    -7.62864   0.0196282
         104    -7.59872    -7.62835   0.0194416
         105    -7.59376    -7.62802   0.0192592
         106    -7.59226    -7.62768   0.0190805
         107    -7.50857    -7.62657   0.0189346
         108    -7.47654    -7.62518   0.0188102
         109    -7.60292    -7.62498   0.0186387
         110    -7.55913    -7.62438   0.0184789
         111    -7.58448    -7.62402   0.0183159
         112    -7.60311    -7.62383   0.0181533
         113    -7.48568    -7.62261   0.0180338
         114    -7.49129    -7.62146   0.0179123
         115    -7.47833    -7.62021   0.0177998
         116    -7.56609    -7.61974   0.0176524
         117     -7.4402    -7.61821   0.0175681
         118    -7.46265    -7.61689   0.0174686
         119    -7.53466     -7.6162   0.0173355
         120    -7.53915    -7.61556   0.0172029
         121     -7.5257    -7.61482   0.0170768
         122    -7.56159    -7.61438   0.0169424
         123    -7.54136    -7.61379    0.016815
         124    -7.54989    -7.61327   0.0166873
         125    -7.46835    -7.61211   0.0165941
         126    -7.34491    -7.60999   0.0165973
         127    -7.41096    -7.60842   0.0165404
         128    -7.41731    -7.60693   0.0164785
         129     -7.4131    -7.60543   0.0164191
         130    -7.40367    -7.60388    0.016366
         131    -7.37481    -7.60213   0.0163342
         132    -7.36762    -7.60035   0.0163068
         133    -7.34497    -7.59843   0.0162968
         134     -7.4084    -7.59701   0.0162368
         135    -7.44342    -7.59587   0.0161563
         136    -7.46102    -7.59488   0.0160679
         137    -7.43154    -7.59369   0.0159948
         138    -7.37424     -7.5921   0.0159578
         139    -7.39454    -7.59068   0.0159061
         140    -7.28632    -7.58851   0.0159404
         141    -7.33929    -7.58674    0.015925
         142    -7.37485    -7.58525   0.0158826
         143    -7.40537    -7.58399   0.0158213
         144    -7.41696    -7.58283   0.0157539
         145     -7.4396    -7.58184   0.0156762
         146    -7.44172    -7.58088   0.0155982
         147    -7.44217    -7.57994   0.0155206
         148    -7.45423    -7.57909   0.0154389
         149    -7.45698    -7.57827    0.015357
         150    -7.41804     -7.5772   0.0152918
         151    -7.42098    -7.57617   0.0152255
         152    -7.36036    -7.57475   0.0151913
         153    -7.40635    -7.57364   0.0151319
         154    -7.45601    -7.57288   0.0150529
         155    -7.53014    -7.57261   0.0149583
         156    -7.47705    -7.57199   0.0148749
         157    -7.48501    -7.57144   0.0147905
         158    -7.51507    -7.57108   0.0147012
         159    -7.48603    -7.57055   0.0146185
         160    -7.49876     -7.5701    0.014534
         161    -7.46749    -7.56946   0.0144577
         162    -7.55156    -7.56935   0.0143689
         163    -7.46813    -7.56873   0.0142941
         164    -7.45416    -7.56803    0.014224
         165     -7.4458    -7.56729   0.0141571
         166    -7.50495    -7.56691   0.0140768
         167    -7.53786    -7.56674   0.0139936
         168    -7.51313    -7.56642   0.0139139
         169    -7.51941    -7.56614   0.0138344
         170    -7.45018    -7.56546   0.0137698
         171    -7.50691    -7.56512   0.0136935
         172    -7.52148    -7.56486   0.0136163
         173    -7.51233    -7.56456   0.0135409
         174    -7.53381    -7.56438   0.0134643
         175    -7.53408    -7.56421   0.0133884
         176    -7.46019    -7.56362   0.0133254
         177    -7.39163    -7.56265   0.0132855
         178    -7.40833    -7.56178   0.0132391
         179    -7.34378    -7.56056   0.0132211
         180    -7.35688    -7.55943    0.013196
         181    -7.45223    -7.55884   0.0131363
         182    -7.49087    -7.55847   0.0130695
         183    -7.47428    -7.55801   0.0130061
         184     -7.5601    -7.55802   0.0129355
         185    -7.48596    -7.55763   0.0128714
         186    -7.48462    -7.55724   0.0128082
         187    -7.52812    -7.55708   0.0127406
         188    -7.48021    -7.55667   0.0126794
         189    -7.42606    -7.55598   0.0126312
         190    -7.39583    -7.55514   0.0125928
         191    -7.48363    -7.55476   0.0125324
         192    -7.47391    -7.55434   0.0124742
         193    -7.50063    -7.55406   0.0124127
         194    -7.59529    -7.55428   0.0123505
         195    -7.48886    -7.55394   0.0122917
         196    -7.48606    -7.55359   0.0122339
         197     -7.5483    -7.55357   0.0121718
         198    -7.65255    -7.55407   0.0121206
         199    -7.52724    -7.55393   0.0120605
         200    -7.58097    -7.55407   0.0120009
         201     -7.6486    -7.55454   0.0119504
         202    -7.66792     -7.5551   0.0119044
         203    -7.61411    -7.55539   0.0118493
         204    -7.56026    -7.55541   0.0117913
         205     -7.5748    -7.55551   0.0117341
         206    -7.54138    -7.55544   0.0116774
         207    -7.57203    -7.55552   0.0116212
         208    -7.54762    -7.55548   0.0115654
         209    -7.47193    -7.55508    0.011517
         210    -7.48648    -7.55476   0.0114668
         211    -7.48052     -7.5544   0.0114178
         212    -7.47915    -7.55405   0.0113695
         213    -7.39075    -7.55328   0.0113419
         214    -7.43585    -7.55273   0.0113022
         215    -7.51962    -7.55258   0.0112507
         216    -7.47504    -7.55222   0.0112043
         217    -7.52361    -7.55209   0.0111535
         218    -7.52909    -7.55198   0.0111028
         219    -7.53759    -7.55192   0.0110523
         220    -7.51312    -7.55174   0.0110035
         221    -7.48412    -7.55144   0.0109579
         222     -7.5666     -7.5515   0.0109088
         223    -7.57974    -7.55163   0.0108606
         224    -7.51985    -7.55149    0.010813
         225    -7.59649    -7.55169   0.0107668
         226    -7.58474    -7.55183   0.0107202
         227    -7.60468    -7.55207   0.0106755
         228    -7.54373    -7.55203   0.0106287
         229     -7.5758    -7.55213   0.0105828
         230    -7.59583    -7.55232   0.0105385
         231    -7.55832    -7.55235   0.0104929
         232    -7.62356    -7.55266   0.0104522
         233    -7.60219    -7.55287   0.0104095
         234    -7.64452    -7.55326   0.0103724
         235    -7.65141    -7.55368   0.0103366
         236    -7.67433    -7.55419   0.0103055
         237     -7.7097    -7.55485   0.0102829
         238    -7.66496    -7.55531   0.0102501
         239    -7.61176    -7.55555   0.0102099
         240    -7.58221    -7.55566    0.010168
         241    -7.63497    -7.55599   0.0101311
         242    -7.57992    -7.55608   0.0100897
         243    -7.52733    -7.55597   0.0100489
         244    -7.51361    -7.55579   0.0100092
         245     -7.5557    -7.55579  0.00996834
         246    -7.64869    -7.55617  0.00993497
         247    -7.59097    -7.55631  0.00989574
         248    -7.61522    -7.55655  0.00985869
         249    -7.55051    -7.55652  0.00981913
         250    -7.57552     -7.5566  0.00978014
         251    -7.60019    -7.55677  0.00974272
         252     -7.6283    -7.55706  0.00970819
         253    -7.61497    -7.55729  0.00967252
         254    -7.54802    -7.55725  0.00963451
         255    -7.54649    -7.55721  0.00959682
         256    -7.54358    -7.55715  0.00955948
         257    -7.54221     -7.5571  0.00952246
         258    -7.49525    -7.55686  0.00948857
         259    -7.49898    -7.55663  0.00945456
         260     -7.5224     -7.5565  0.00941912
         261    -7.52194    -7.55637  0.00938396
         262    -7.51358    -7.55621  0.00934956
         263    -7.55043    -7.55618  0.00931404
         264    -7.45293    -7.55579  0.00928697
         265    -7.44872    -7.55539  0.00926071
         266       -7.42    -7.55488  0.00923987
         267    -7.40134     -7.5543  0.00922314
         268    -7.34136    -7.55351  0.00922289
         269    -7.41351    -7.55299  0.00920327
         270    -7.50313     -7.5528  0.00917104
         271    -7.49153    -7.55258  0.00913999
         272    -7.49322    -7.55236  0.00910899
         273     -7.5158    -7.55223  0.00907661
         274    -7.57682    -7.55232  0.00904392
         275    -7.59627    -7.55248  0.00901245
         276    -7.53373    -7.55241  0.00898005
         277    -7.53874    -7.55236  0.00894777
         278    -7.53697     -7.5523  0.00891575
         279    -7.63478     -7.5526   0.0088887
         280    -7.57585    -7.55268  0.00885734
         281    -7.58413    -7.55279  0.00882652
         282    -7.49883     -7.5526   0.0087973
         283    -7.48952    -7.55238  0.00876904
         284    -7.54614    -7.55236  0.00873819
         285    -7.55089    -7.55235  0.00870753
         286    -7.58805    -7.55248  0.00867798
         287    -7.51629    -7.55235  0.00864866
         288    -7.60306    -7.55253  0.00862042
         289    -7.47632    -7.55226  0.00859462
         290    -7.50383     -7.5521  0.00856661
         291    -7.48623    -7.55187  0.00854016
         292     -7.5317     -7.5518  0.00851119
         293    -7.55459    -7.55181  0.00848215
         294    -7.49478    -7.55162  0.00845552
         295     -7.4888     -7.5514  0.00842953
         296    -7.47974    -7.55116  0.00840453
         297    -7.50475    -7.55101  0.00837769
         298    -7.54342    -7.55098  0.00834961
         299    -7.57741    -7.55107  0.00832215
         300    -7.60465    -7.55125  0.00829633
         301    -7.57118    -7.55131  0.00826903
         302    -7.57588    -7.55139  0.00824205
         303     -7.6783    -7.55181  0.00822548
         304    -7.69526    -7.55229  0.00821195
         305    -7.65033    -7.55261  0.00819131
         306    -7.64606    -7.55291  0.00817024
         307    -7.64247     -7.5532  0.00814883
         308    -7.68538    -7.55363  0.00813367
         309    -7.59561    -7.55377  0.00810848
         310    -7.59212    -7.55389  0.00808326
         311    -7.60817    -7.55407  0.00805916
         312    -7.59148    -7.55419  0.00803422
         313    -7.58032    -7.55427  0.00800898
         314     -7.6569     -7.5546  0.00799014
         315    -7.72491    -7.55514  0.00798305
         316    -7.65853    -7.55547  0.00796449
         317    -7.78145    -7.55618   0.0079712
         318    -7.74508    -7.55677  0.00796824
         319    -7.71254    -7.55726  0.00795821
         320    -7.65009    -7.55755  0.00793863
         321    -7.58302    -7.55763  0.00791429
         322    -7.58517    -7.55772  0.00789017
         323    -7.56606    -7.55774  0.00786579
         324    -7.53715    -7.55768  0.00784177
         325      -7.564     -7.5577  0.00781766
         326     -7.6516    -7.55799  0.00779899
         327    -7.71188    -7.55846  0.00778933
         328    -7.66846    -7.55879  0.00777279
         329    -7.64932    -7.55907  0.00775404
         330    -7.61819    -7.55925  0.00773261
         331     -7.6311    -7.55946   0.0077123
         332    -7.62393    -7.55966  0.00769151
         333    -7.65261    -7.55994  0.00767347
         334    -7.66578    -7.56025  0.00765704
         335    -7.69222    -7.56065  0.00764431
         336    -7.74472    -7.56119  0.00764117
         337    -7.64148    -7.56143   0.0076222
         338    -7.60973    -7.56158  0.00760099
         339    -7.58167    -7.56164   0.0075788
         340    -7.62208    -7.56181   0.0075586
         341    -7.65535    -7.56209  0.00754141
         342    -7.66415    -7.56239  0.00752526
         343    -7.68943    -7.56276  0.00751243
         344    -7.73936    -7.56327  0.00750811
         345    -7.67619     -7.5636  0.00749348
         346    -7.67108    -7.56391  0.00747826
         347     -7.6644     -7.5642  0.00746231
         348    -7.64875    -7.56444  0.00744482
         349    -7.50734    -7.56428  0.00742529
         350    -7.51432    -7.56413  0.00740545
         351    -7.44238    -7.56379  0.00739247
         352    -7.41063    -7.56335  0.00738426
         353      -7.405     -7.5629  0.00737695
         354    -7.42534    -7.56251  0.00736634
         355    -7.37865      -7.562  0.00736378
         356    -7.37898    -7.56148  0.00736102
         357    -7.50449    -7.56132  0.00734213
         358    -7.50039    -7.56115  0.00732359
         359    -7.54685    -7.56111   0.0073033
         360    -7.60343    -7.56123  0.00728396
         361      -7.671    -7.56153  0.00727013
         362    -7.61764    -7.56169   0.0072517
         363    -7.60711    -7.56181   0.0072328
         364    -7.60331    -7.56193  0.00721383
         365    -7.58462    -7.56199  0.00719433
         366    -7.66368    -7.56227  0.00718004
         367    -7.61515    -7.56241  0.00716192
         368    -7.55988    -7.56241  0.00714246
         369    -7.48601     -7.5622   0.0071261
         370    -7.52074    -7.56209  0.00710772
         371    -7.47074    -7.56184  0.00709283
         372    -7.41007    -7.56143  0.00708549
         373    -7.36165     -7.5609  0.00708671
         374    -7.35539    -7.56035  0.00708903
         375    -7.43411    -7.56001  0.00707811
         376    -7.35133    -7.55946  0.00708101
         377    -7.34103    -7.55888  0.00708589
         378    -7.40633    -7.55847  0.00707863
         379    -7.39934    -7.55805   0.0070724
         380    -7.35705    -7.55752  0.00707354
         381    -7.38612    -7.55707  0.00706926
         382    -7.41283     -7.5567  0.00706083
         383    -7.35749    -7.55618  0.00706153
         384    -7.43626    -7.55586  0.00705004
         385    -7.41362    -7.55549  0.00704141
         386    -7.42762    -7.55516  0.00703095
         387     -7.4744    -7.55495  0.00701588
         388    -7.56614    -7.55498  0.00699786
         389    -7.56479    -7.55501  0.00697991
         390    -7.50047    -7.55487  0.00696342
         391    -7.49587    -7.55472  0.00694724
         392    -7.50388    -7.55459  0.00693073
         393    -7.51807     -7.5545  0.00691372
         394    -7.50807    -7.55438  0.00689717
         395    -7.52421     -7.5543  0.00688014
         396    -7.48763    -7.55413  0.00686482
         397    -7.55384    -7.55413  0.00684753
         398    -7.45752    -7.55389  0.00683463
         399    -7.43497    -7.55359  0.00682399
         400    -7.45226    -7.55334  0.00681163
         401    -7.36693    -7.55287  0.00681049
         402    -7.35241    -7.55237  0.00681178
         403    -7.36823    -7.55192  0.00681019
         404    -7.40963    -7.55157  0.00680243
         405    -7.52894    -7.55151  0.00678586
         406    -7.50361    -7.55139  0.00677018
         407    -7.54631    -7.55138  0.00675355
         408    -7.54398    -7.55136  0.00673703
         409    -7.58125    -7.55143  0.00672095
         410     -7.4957     -7.5513  0.00670593
         411    -7.50764    -7.55119  0.00669046
         412    -7.44148    -7.55093  0.00667952
         413    -7.50658    -7.55082  0.00666421
         414    -7.46382    -7.55061  0.00665142
         415    -7.49979    -7.55049  0.00663652
         416    -7.54263    -7.55047  0.00662059
         417    -7.60488     -7.5506    0.006606
         418    -7.62286    -7.55077  0.00659246
         419    -7.59713    -7.55088  0.00657766
         420    -7.62231    -7.55105  0.00656419
         421    -7.65604     -7.5513  0.00655334
         422    -7.65593    -7.55155   0.0065425
         423    -7.57442     -7.5516  0.00652725
         424    -7.58907    -7.55169  0.00651246
         425    -7.60471    -7.55182  0.00649833
         426    -7.55544    -7.55182  0.00648308
         427    -7.65339    -7.55206  0.00647226
         428    -7.64668    -7.55228  0.00646091
         429    -7.62266    -7.55245  0.00644793
         430    -7.57482     -7.5525  0.00643315
         431    -7.52516    -7.55244  0.00641853
         432    -7.54858    -7.55243  0.00640368
         433    -7.52474    -7.55236  0.00638921
         434    -7.53162    -7.55231  0.00637467
         435    -7.50082     -7.5522  0.00636111
         436    -7.55361     -7.5522  0.00634652
         437    -7.50883     -7.5521  0.00633278
         438    -7.63697    -7.55229  0.00632128
         439    -7.60681    -7.55242   0.0063081
         440    -7.64688    -7.55263  0.00629742
         441    -7.66009    -7.55288  0.00628785
         442    -7.66167    -7.55312  0.00627844
         443    -7.64841    -7.55334  0.00626795
         444    -7.57955     -7.5534  0.00625411
         445    -7.58468    -7.55347  0.00624045
         446    -7.60472    -7.55358  0.00622752
         447    -7.57685    -7.55363  0.00621381
         448    -7.55318    -7.55363  0.00619994
         449    -7.60343    -7.55374  0.00618712
         450    -7.61455    -7.55388  0.00617485
         451    -7.58106    -7.55394  0.00616145
         452    -7.54492    -7.55392  0.00614785
         453    -7.50264    -7.55381  0.00613532
         454    -7.52365    -7.55374  0.00612217
         455    -7.47615    -7.55357  0.00611108
         456    -7.50199    -7.55346  0.00609873
         457    -7.52065    -7.55338  0.00608581
         458    -7.49809    -7.55326  0.00607372
         459    -7.45331    -7.55305  0.00606439
         460     -7.4977    -7.55293   0.0060524
         461    -7.53398    -7.55288  0.00603941
         462    -7.53367    -7.55284  0.00602648
         463    -7.58027     -7.5529  0.00601375
         464    -7.59707      -7.553  0.00600155
         465     -7.5169    -7.55292  0.00598914
         466    -7.60929    -7.55304  0.00597751
         467    -7.54949    -7.55303  0.00596472
         468    -7.57396    -7.55308  0.00595214
         469    -7.63402    -7.55325  0.00594195
         470    -7.55595    -7.55326  0.00592931
         471    -7.48808    -7.55312  0.00591834
         472    -7.47561    -7.55295  0.00590807
         473    -7.49031    -7.55282  0.00589707
         474    -7.47414    -7.55265  0.00588696
         475    -7.56013    -7.55267  0.00587459
         476    -7.54594    -7.55266  0.00586227
         477    -7.57517     -7.5527  0.00585017
         478     -7.6023    -7.55281  0.00583885
         479    -7.53656    -7.55277  0.00582676
         480    -7.55185    -7.55277  0.00581462
         481    -7.59802    -7.55287  0.00580329
         482    -7.50268    -7.55276  0.00579218
         483    -7.55466    -7.55277  0.00578019
         484    -7.58316    -7.55283  0.00576859
         485    -7.62831    -7.55298   0.0057588
         486    -7.66743    -7.55322  0.00575176
         487    -7.57709    -7.55327  0.00574016
         488    -7.59429    -7.55335  0.00572901
         489     -7.5849    -7.55342  0.00571766
         490    -7.58018    -7.55347  0.00570625
         491    -7.53635    -7.55344  0.00569473
         492    -7.52869    -7.55339  0.00568338
         493    -7.51498    -7.55331  0.00567239
         494    -7.51896    -7.55324  0.00566133
         495    -7.44565    -7.55302  0.00565407
         496    -7.43542    -7.55278  0.00564764
         497     -7.5123     -7.5527  0.00563686
         498    -7.49921     -7.5526  0.00562656
         499    -7.42637    -7.55234  0.00562097
         500    -7.54391    -7.55233  0.00560975
         501     -7.4887     -7.5522      0.0056
         502    -7.50674    -7.55211  0.00558957
         503    -7.51403    -7.55203  0.00557897
         504    -7.53299    -7.55199  0.00556803
         505    -7.49965    -7.55189  0.00555797
         506    -7.55487     -7.5519  0.00554699
         507    -7.50462     -7.5518  0.00553683
         508     -7.5755    -7.55185  0.00552613
         509    -7.58823    -7.55192  0.00551573
         510    -7.57417    -7.55197  0.00550509
         511     -7.5605    -7.55198  0.00549434
         512    -7.47583    -7.55183  0.00548562
         513     -7.5775    -7.55188  0.00547516
         514    -7.55758    -7.55189  0.00546452
         515    -7.56222    -7.55191  0.00545394
         516    -7.51452    -7.55184  0.00544386
         517    -7.47766     -7.5517  0.00543522
         518    -7.52466    -7.55165  0.00542497
         519    -7.47309     -7.5515  0.00541663
         520    -7.43254    -7.55127  0.00541105
         521    -7.47044    -7.55111  0.00540288
         522    -7.43853     -7.5509  0.00539684
         523    -7.45946    -7.55072  0.00538935
         524    -7.47919    -7.55058  0.00538079
         525    -7.50253    -7.55049  0.00537132
         526    -7.50515    -7.55041   0.0053618
         527    -7.47435    -7.55026  0.00535357
         528    -7.52873    -7.55022  0.00534358
         529    -7.57895    -7.55028  0.00533376
         530    -7.54411    -7.55026  0.00532371
         531    -7.51234    -7.55019  0.00531416
         532    -7.51546    -7.55013  0.00530457
         533    -7.53695     -7.5501  0.00529468
         534    -7.52022    -7.55005  0.00528506
         535    -7.51552    -7.54998  0.00527557
         536    -7.53607    -7.54996   0.0052658
         537     -7.5178     -7.5499  0.00525633
         538    -7.47103    -7.54975   0.0052486
         539    -7.52031     -7.5497  0.00523915
         540    -7.47103    -7.54955  0.00523147
         541    -7.48504    -7.54943  0.00522316
         542    -7.55255    -7.54944  0.00521353
         543    -7.55269    -7.54944  0.00520393
         544    -7.54342    -7.54943  0.00519438
         545    -7.55533    -7.54944  0.00518486
         546    -7.57764    -7.54949  0.00517562
         547    -7.61574    -7.54961  0.00516757
         548    -7.62937    -7.54976  0.00516019
         549    -7.57787    -7.54981  0.00515105
         550    -7.59117    -7.54989  0.00514223
         551    -7.61279       -7.55  0.00513416
         552    -7.64166    -7.55017  0.00512755
         553    -7.67191    -7.55039    0.005123
         554    -7.71243    -7.55068   0.0051221
         555    -7.58976    -7.55075  0.00511335
         556    -7.54453    -7.55074  0.00510417
         557    -7.57407    -7.55078  0.00509517
         558    -7.61534     -7.5509  0.00508736
         559    -7.63533    -7.55105   0.0050805
         560    -7.65867    -7.55124  0.00507506
         561     -7.6397     -7.5514  0.00506846
         562    -7.68111    -7.55163   0.0050647
         563    -7.65486    -7.55181  0.00505902
         564    -7.66217    -7.55201  0.00505383
         565    -7.64521    -7.55217  0.00504758
         566    -7.71357    -7.55246  0.00504671
         567    -7.64589    -7.55262   0.0050405
         568    -7.69224    -7.55287  0.00503761
         569    -7.67425    -7.55308  0.00503328
         570    -7.70471    -7.55335  0.00503147
         571    -7.65445    -7.55352  0.00502577
         572    -7.62809    -7.55365  0.00501868
         573    -7.57884     -7.5537  0.00501011
         574     -7.5697    -7.55373  0.00500146
         575    -7.57702    -7.55377  0.00499293
         576    -7.53149    -7.55373  0.00498441
         577    -7.53603     -7.5537  0.00497586
         578    -7.58667    -7.55375  0.00496758
         579    -7.59894    -7.55383  0.00495961
         580    -7.56765    -7.55386  0.00495112
         581    -7.57656     -7.5539  0.00494275
         582    -7.57457    -7.55393  0.00493439
         583    -7.65121     -7.5541  0.00492874
         584    -7.60324    -7.55418  0.00492102
         585    -7.62455     -7.5543  0.00491408
         586    -7.59162    -7.55437  0.00490611
         587    -7.55442    -7.55437  0.00489775
         588    -7.51518     -7.5543  0.00488987
         589    -7.60469    -7.55438  0.00488232
         590    -7.61461    -7.55449  0.00487511
         591    -7.55602    -7.55449  0.00486686
         592    -7.47507    -7.55436  0.00486049
         593    -7.49274    -7.55425  0.00485341
         594    -7.59431    -7.55432   0.0048457
         595    -7.52711    -7.55427  0.00483777
         596    -7.49819    -7.55418  0.00483057
         597    -7.49936    -7.55409  0.00482335
         598    -7.50532    -7.55401  0.00481598
         599    -7.51987    -7.55395  0.00480827
         600    -7.50759    -7.55387  0.00480088
         601    -7.54203    -7.55385  0.00479293
         602    -7.57753    -7.55389  0.00478513
         603    -7.57236    -7.55392   0.0047773
         604    -7.56513    -7.55394  0.00476942
         605    -7.58158    -7.55399  0.00476176
         606    -7.58312    -7.55403  0.00475414
         607    -7.59663     -7.5541  0.00474683
         608    -7.57734    -7.55414  0.00473918
         609    -7.53655    -7.55411  0.00473148
         610    -7.65186    -7.55427  0.00472644
         611    -7.57375    -7.55431  0.00471881
         612    -7.56115    -7.55432  0.00471111
         613    -7.54811    -7.55431  0.00470344
         614     -7.5136    -7.55424  0.00469624
         615     -7.5716    -7.55427  0.00468869
         616     -7.4932    -7.55417  0.00468213
         617    -7.49719    -7.55408  0.00467545
         618    -7.52862    -7.55404  0.00466807
         619    -7.51741    -7.55398   0.0046609
         620    -7.64219    -7.55412  0.00465555
         621    -7.65476    -7.55428  0.00465088
         622    -7.68845     -7.5545   0.0046484
         623    -7.62842    -7.55462  0.00464245
         624    -7.66777     -7.5548  0.00463855
         625    -7.70046    -7.55503  0.00463698
         626    -7.68834    -7.55524  0.00463446
         627    -7.64194    -7.55538  0.00462913
         628    -7.63458    -7.55551  0.00462348
         629    -7.58342    -7.55555  0.00461634
         630    -7.56971    -7.55557  0.00460907
         631    -7.60721    -7.55566  0.00460249
         632      -7.603    -7.55573  0.00459582
         633    -7.61912    -7.55583  0.00458965
         634    -7.58463    -7.55588  0.00458263
         635    -7.59656    -7.55594  0.00457587
         636    -7.59878    -7.55601  0.00456917
         637    -7.55974    -7.55601    0.004562
         638    -7.65751    -7.55617  0.00455762
         639    -7.63289    -7.55629  0.00455207
         640    -7.63628    -7.55642  0.00454667
         641     -7.6831    -7.55662  0.00454387
         642    -7.72497    -7.55688  0.00454435
         643    -7.65409    -7.55703   0.0045398
         644     -7.6685     -7.5572  0.00453605
         645    -7.59208    -7.55726  0.00452934
         646    -7.50286    -7.55717  0.00452311
         647    -7.48802    -7.55706  0.00451738
         648    -7.49842    -7.55697  0.00451132
         649    -7.53104    -7.55693  0.00450454
         650     -7.5711    -7.55696  0.00449767
         651     -7.5194     -7.5569  0.00449113
         652    -7.54958    -7.55689  0.00448425
         653    -7.57143    -7.55691  0.00447744
         654    -7.60584    -7.55698  0.00447122
         655    -7.58977    -7.55703  0.00446467
         656    -7.57603    -7.55706  0.00445796
         657     -7.6177    -7.55716  0.00445213
         658    -7.55963    -7.55716  0.00444537
         659    -7.59624    -7.55722  0.00443902
         660    -7.59566    -7.55728  0.00443267
         661     -7.6158    -7.55737  0.00442685
         662    -7.58468    -7.55741  0.00442036
         663    -7.57066    -7.55743  0.00441374
         664    -7.56811    -7.55744  0.00440712
         665    -7.53286    -7.55741  0.00440065
         666    -7.62794    -7.55751  0.00439531
         667     -7.6317    -7.55762  0.00439013
         668    -7.58085    -7.55766   0.0043837
         669     -7.6241    -7.55776  0.00437827
         670    -7.62865    -7.55786  0.00437301
         671    -7.58883    -7.55791  0.00436674
         672    -7.60634    -7.55798  0.00436083
         673    -7.62141    -7.55808  0.00435537
         674    -7.50361    -7.55799  0.00434966
         675    -7.51547    -7.55793  0.00434367
         676    -7.47067     -7.5578  0.00433917
         677    -7.37507    -7.55753  0.00434114
         678    -7.43138    -7.55735  0.00433873
         679    -7.46584    -7.55721  0.00433443
         680    -7.50455    -7.55713  0.00432875
         681    -7.45312    -7.55698  0.00432508
         682    -7.52258    -7.55693  0.00431904
         683    -7.49975    -7.55685  0.00431352
         684    -7.49188    -7.55675  0.00430826
         685    -7.50296    -7.55667  0.00430269
         686    -7.54571    -7.55666  0.00429645
         687    -7.56216    -7.55667   0.0042902
         688    -7.66417    -7.55682  0.00428681
         689    -7.70945    -7.55704  0.00428631
         690    -7.65494    -7.55719  0.00428244
         691    -7.62537    -7.55728  0.00427738
         692    -7.66513    -7.55744  0.00427404
         693    -7.61266    -7.55752  0.00426861
         694     -7.6549    -7.55766  0.00426477
         695    -7.66514    -7.55781  0.00426144
         696    -7.66278    -7.55797  0.00425798
         697    -7.69799    -7.55817  0.00425661
         698     -7.7238     -7.5584  0.00425712
         699    -7.67125    -7.55857  0.00425409
         700    -7.68793    -7.55875  0.00425202
         701    -7.65281    -7.55888  0.00424807
         702    -7.57059     -7.5589  0.00424206
         703    -7.50493    -7.55882  0.00423672
         704    -7.50987    -7.55875  0.00423127
         705    -7.53139    -7.55872  0.00422545
         706    -7.52507    -7.55867  0.00421973
         707    -7.39137    -7.55843  0.00422039
         708    -7.41969    -7.55824  0.00421898
         709    -7.54869    -7.55822  0.00421305
         710    -7.49501    -7.55813  0.00420805
         711    -7.53943    -7.55811  0.00420222
         712    -7.61707    -7.55819  0.00419713
         713    -7.66215    -7.55834  0.00419378
         714    -7.62872    -7.55843  0.00418906
         715    -7.63373    -7.55854  0.00418453
         716    -7.60364     -7.5586  0.00417916
         717    -7.67002    -7.55876  0.00417622
         718    -7.70446    -7.55896  0.00417533
         719    -7.78059    -7.55927  0.00418088
         720    -7.71636    -7.55949  0.00418076
         721    -7.69996    -7.55968   0.0041795
         722    -7.63426    -7.55979  0.00417499
         723    -7.63048    -7.55988  0.00417036
         724    -7.72093    -7.56011  0.00417053
         725    -7.66752    -7.56025  0.00416741
         726    -7.62451    -7.56034  0.00416261
         727    -7.60379     -7.5604  0.00415731
         728    -7.50337    -7.56032  0.00415234
         729    -7.48884    -7.56023   0.0041478
         730    -7.51216    -7.56016  0.00414264
         731    -7.51143    -7.56009  0.00413751
         732    -7.46364    -7.55996  0.00413395
         733    -7.47186    -7.55984  0.00413006
         734    -7.36556    -7.55958  0.00413291
         735    -7.47579    -7.55946  0.00412886
         736    -7.52565    -7.55942   0.0041235
         737    -7.46906    -7.55929  0.00411973
         738    -7.49105     -7.5592  0.00411519
         739    -7.54117    -7.55918  0.00410969
         740    -7.58067    -7.55921  0.00410424
         741    -7.58251    -7.55924  0.00409882
         742    -7.60229     -7.5593  0.00409371
         743    -7.61095    -7.55936  0.00408879
         744    -7.61952    -7.55945  0.00408409
         745     -7.6335    -7.55955  0.00407982
         746    -7.64827    -7.55966  0.00407608
         747    -7.65679    -7.55979   0.0040727
         748    -7.61697    -7.55987  0.00406797
         749    -7.52766    -7.55983  0.00406277
         750    -7.50599    -7.55976  0.00405798
         751    -7.54015    -7.55973  0.00405267
         752     -7.4351    -7.55956  0.00405066
         753    -7.42889    -7.55939    0.004049
         754    -7.43711    -7.55923  0.00404688
         755    -7.42099    -7.55905  0.00404566
         756    -7.49619    -7.55896  0.00404116
         757    -7.47194    -7.55885  0.00403746
         758    -7.45666    -7.55871  0.00403438
         759    -7.35943    -7.55845   0.0040376
         760    -7.35945    -7.55819  0.00404077
         761    -7.44053    -7.55803  0.00403841
         762     -7.4564     -7.5579  0.00403532
         763    -7.49336    -7.55782  0.00403091
         764    -7.46229    -7.55769  0.00402758
         765     -7.4714    -7.55758  0.00402389
         766    -7.43645    -7.55742  0.00402174
         767    -7.50497    -7.55735  0.00401708
         768    -7.48048    -7.55725   0.0040131
         769    -7.49043    -7.55716  0.00400882
         770    -7.36329    -7.55691  0.00401151
         771    -7.40123    -7.55671  0.00401139
         772    -7.34723    -7.55644  0.00401536
         773    -7.34883    -7.55617  0.00401914
         774    -7.35418    -7.55591  0.00402241
         775    -7.41001    -7.55572  0.00402162
         776    -7.48343    -7.55563  0.00401752
         777    -7.45107    -7.55549   0.0040146
         778    -7.47689    -7.55539  0.00401071
         779    -7.56316     -7.5554  0.00400557
         780    -7.55304     -7.5554  0.00400044
         781    -7.48619    -7.55531   0.0039963
         782    -7.54906     -7.5553   0.0039912
         783    -7.52159    -7.55526  0.00398633
         784    -7.46785    -7.55515  0.00398281
         785     -7.4919    -7.55507  0.00397855
         786    -7.52801    -7.55503  0.00397363
         787    -7.53364    -7.55501  0.00396868
         788    -7.50751    -7.55495   0.0039641
         789    -7.53835    -7.55492  0.00395913
         790    -7.57428    -7.55495   0.0039542
         791    -7.68657    -7.55512   0.0039527
         792    -7.59991    -7.55517  0.00394811
         793    -7.59183    -7.55522   0.0039434
         794    -7.51016    -7.55516  0.00393884
         795    -7.51841    -7.55512  0.00393416
         796    -7.53614    -7.55509  0.00392929
         797    -7.51286    -7.55504  0.00392472
         798    -7.50654    -7.55498  0.00392027
         799    -7.54186    -7.55496   0.0039154
         800    -7.66515     -7.5551  0.00391293
         801     -7.5675    -7.55511  0.00390807
         802    -7.56044    -7.55512   0.0039032
         803    -7.55478    -7.55512  0.00389834
         804    -7.49999    -7.55505   0.0038941
         805    -7.49512    -7.55498  0.00388997
         806    -7.54509    -7.55497  0.00388516
         807    -7.59119    -7.55501  0.00388061
         808    -7.47361    -7.55491  0.00387711
         809    -7.47165    -7.55481  0.00387369
         810    -7.40087    -7.55462  0.00387356
         811    -7.38168     -7.5544  0.00387465
         812    -7.39775    -7.55421  0.00387468
         813    -7.33732    -7.55394  0.00387909
         814    -7.44595    -7.55381  0.00387659
         815    -7.49765    -7.55374  0.00387245
         816    -7.47737    -7.55365  0.00386883
         817    -7.45068    -7.55352  0.00386615
         818    -7.46431    -7.55341  0.00386296
         819    -7.45368    -7.55329  0.00386016
         820    -7.50693    -7.55324  0.00385587
         821    -7.49714    -7.55317  0.00385178
         822    -7.57163    -7.55319  0.00384716
         823    -7.53944    -7.55317  0.00384252
         824    -7.54563    -7.55316  0.00383787
         825     -7.5245    -7.55313  0.00383337
         826    -7.61346     -7.5532  0.00382943
         827    -7.62823    -7.55329  0.00382587
         828    -7.62066    -7.55337  0.00382212
         829    -7.61572    -7.55345  0.00381824
         830    -7.61528    -7.55352  0.00381437
         831    -7.61837     -7.5536  0.00381058
         832    -7.58998    -7.55365  0.00380625
         833    -7.62629    -7.55373  0.00380268
         834    -7.64442    -7.55384  0.00379967
         835    -7.65356    -7.55396    0.003797
         836    -7.53181    -7.55393  0.00379255
         837    -7.57495    -7.55396   0.0037881
         838    -7.55323    -7.55396  0.00378358
         839    -7.58953      -7.554  0.00377931
         840    -7.57216    -7.55402  0.00377487
         841    -7.61599     -7.5541   0.0037711
         842    -7.62999    -7.55419   0.0037677
         843    -7.64395    -7.55429  0.00376474
         844    -7.54924    -7.55429  0.00376028
         845    -7.52619    -7.55425  0.00375598
         846    -7.53601    -7.55423   0.0037516
         847    -7.57353    -7.55425  0.00374724
         848    -7.58627    -7.55429  0.00374301
         849    -7.43934    -7.55416  0.00374105
         850    -7.44364    -7.55403  0.00373891
         851    -7.50305    -7.55397  0.00373499
         852    -7.44827    -7.55384  0.00373267
         853    -7.41609    -7.55368  0.00373179
         854    -7.38157    -7.55348  0.00373285
         855    -7.40356     -7.5533   0.0037326
         856    -7.37831     -7.5531  0.00373384
         857     -7.4243    -7.55295   0.0037325
         858      -7.436    -7.55281  0.00373064
         859    -7.54008     -7.5528  0.00372633
         860    -7.55188     -7.5528    0.003722
         861    -7.58712    -7.55284  0.00371789
         862    -7.57506    -7.55286  0.00371366
         863    -7.57432    -7.55289  0.00370944
         864    -7.58093    -7.55292  0.00370529
         865    -7.51091    -7.55287  0.00370133
         866    -7.55452    -7.55287  0.00369705
         867    -7.61167    -7.55294  0.00369341
         868    -7.63121    -7.55303  0.00369026
         869    -7.68197    -7.55318  0.00368899
         870    -7.60312    -7.55324   0.0036852
         871    -7.58741    -7.55328  0.00368118
         872    -7.64523    -7.55338  0.00367846
         873    -7.59264    -7.55343  0.00367452
         874    -7.70221     -7.5536  0.00367426
         875    -7.61444    -7.55367  0.00367072
         876    -7.66047    -7.55379  0.00366855
         877    -7.59226    -7.55383  0.00366463
         878    -7.53178    -7.55381  0.00366055
         879    -7.50326    -7.55375  0.00365683
         880    -7.46617    -7.55365  0.00365403
         881    -7.44509    -7.55353  0.00365196
         882    -7.46175    -7.55342   0.0036493
         883    -7.43258    -7.55329  0.00364774
         884    -7.38132    -7.55309  0.00364879
         885    -7.38597     -7.5529  0.00364955
         886    -7.41931    -7.55275  0.00364855
         887    -7.29726    -7.55246  0.00365579
         888    -7.33404    -7.55222  0.00365993
         889    -7.33265    -7.55197  0.00366414
         890    -7.43714    -7.55184   0.0036623
         891    -7.41113    -7.55168  0.00366159
         892    -7.46258    -7.55158  0.00365885
         893    -7.37153    -7.55138   0.0036603
         894    -7.42933    -7.55125  0.00365875
         895    -7.44957    -7.55113  0.00365643
         896     -7.4757    -7.55105  0.00365331
         897     -7.4206     -7.5509  0.00365214
         898    -7.47744    -7.55082  0.00364898
         899    -7.45264    -7.55071  0.00364656
         900    -7.56657    -7.55073  0.00364255
         901    -7.56829    -7.55075  0.00363856
         902    -7.57471    -7.55078  0.00363462
         903    -7.53373    -7.55076  0.00363065
         904    -7.55038    -7.55076  0.00362663
         905    -7.53455    -7.55074  0.00362267
         906    -7.53164    -7.55072  0.00361873
         907    -7.49651    -7.55066  0.00361523
         908    -7.51295    -7.55062  0.00361149
         909    -7.45162    -7.55051  0.00360916
         910    -7.47311    -7.55042   0.0036062
         911    -7.54123    -7.55041  0.00360225
         912    -7.51084    -7.55037  0.00359856
         913    -7.58956    -7.55041  0.00359488
         914    -7.56091    -7.55042  0.00359096
         915    -7.45675    -7.55032   0.0035885
         916    -7.49013    -7.55026  0.00358518
         917    -7.53572    -7.55024  0.00358131
         918    -7.54171    -7.55023  0.00357742
         919    -7.61954    -7.55031  0.00357432
         920    -7.58122    -7.55034  0.00357059
         921    -7.58151    -7.55037  0.00356688
         922    -7.49103    -7.55031  0.00356359
         923    -7.52938    -7.55029   0.0035598
         924    -7.60752    -7.55035  0.00355649
         925    -7.50547     -7.5503  0.00355297
         926    -7.43182    -7.55017  0.00355144
         927    -7.48864    -7.55011  0.00354823
         928    -7.50056    -7.55005   0.0035448
         929    -7.54325    -7.55004    0.003541
         930    -7.49438    -7.54998  0.00353769
         931    -7.55041    -7.54998   0.0035339
         932     -7.6207    -7.55006  0.00353092
         933    -7.60788    -7.55012  0.00352768
         934    -7.64405    -7.55022  0.00352533
         935    -7.59376    -7.55027  0.00352187
         936    -7.60402    -7.55033  0.00351858
         937    -7.52686     -7.5503  0.00351491
         938    -7.43288    -7.55018  0.00351339
         939    -7.45767    -7.55008  0.00351103
         940    -7.50005    -7.55003   0.0035077
         941    -7.48712    -7.54996  0.00350461
         942    -7.43496    -7.54984  0.00350301
         943    -7.46195    -7.54974  0.00350054
         944    -7.40276    -7.54959  0.00350029
         945    -7.44691    -7.54948  0.00349827
         946    -7.45365    -7.54938  0.00349604
         947    -7.50425    -7.54933  0.00349267
         948     -7.4925    -7.54927   0.0034895
         949    -7.54067    -7.54926  0.00348584
         950    -7.51841    -7.54923  0.00348232
         951     -7.5563    -7.54924  0.00347867
         952    -7.56597    -7.54925  0.00347506
         953    -7.60411    -7.54931  0.00347189
         954    -7.59061    -7.54935  0.00346852
         955    -7.56671    -7.54937  0.00346493
         956    -7.54777    -7.54937  0.00346131
         957    -7.58598    -7.54941   0.0034579
         958    -7.47754    -7.54933  0.00345511
         959    -7.52063     -7.5493  0.00345164
         960    -7.62072    -7.54938  0.00344884
         961    -7.57295     -7.5494  0.00344534
         962    -7.64385     -7.5495  0.00344316
         963    -7.67618    -7.54963  0.00344209
         964    -7.70323    -7.54979  0.00344221
         965    -7.70998    -7.54996  0.00344264
         966    -7.72266    -7.55014  0.00344372
         967    -7.75056    -7.55034  0.00344639
         968     -7.6141    -7.55041  0.00344346
         969    -7.67439    -7.55054  0.00344228
         970    -7.71547    -7.55071  0.00344293
         971    -7.70911    -7.55087  0.00344324
         972    -7.65467    -7.55098  0.00344136
         973    -7.69201    -7.55112  0.00344087
         974    -7.69356    -7.55127  0.00344045
         975    -7.73015    -7.55145  0.00344181
         976    -7.70579    -7.55161  0.00344191
         977    -7.60624    -7.55167  0.00343884
         978    -7.53333    -7.55165  0.00343538
         979    -7.55223    -7.55165  0.00343187
         980    -7.54871    -7.55165  0.00342837
         981    -7.50831     -7.5516  0.00342516
         982    -7.49564    -7.55154  0.00342214
         983    -7.51613    -7.55151  0.00341885
         984    -7.47833    -7.55143  0.00341618
         985    -7.38271    -7.55126  0.00341701
         986    -7.42138    -7.55113  0.00341608
         987    -7.45303    -7.55103  0.00341407
         988    -7.54394    -7.55102  0.00341062
         989    -7.48047    -7.55095  0.00340791
         990    -7.52931    -7.55093  0.00340454
         991    -7.59366    -7.55097  0.00340138
         992    -7.57573      -7.551  0.00339804
         993    -7.58247    -7.55103  0.00339477
         994    -7.59551    -7.55108  0.00339165
         995    -7.55384    -7.55108  0.00338824
         996    -7.51483    -7.55104  0.00338503
         997    -7.41673    -7.55091  0.00338432
         998    -7.53618    -7.55089  0.00338096
         999    -7.48788    -7.55083  0.00337816
        1000    -7.50777    -7.55079  0.00337506
        1001     -7.4878    -7.55072  0.00337227
        1002    -7.54376    -7.55072  0.00336892
        1003    -7.55038    -7.55072  0.00336556
        1004    -7.54372    -7.55071  0.00336221
        1005    -7.50072    -7.55066  0.00335923
        1006    -7.57616    -7.55068  0.00335599
        1007    -7.57467    -7.55071  0.00335274
        1008    -7.59249    -7.55075  0.00334967
        1009    -7.49063    -7.55069  0.00334688
        1010    -7.51887    -7.55066  0.00334372
        1011    -7.50759    -7.55062  0.00334068
        1012    -7.46805    -7.55053  0.00333838
        1013    -7.49622    -7.55048  0.00333551
        1014    -7.59573    -7.55053  0.00333252
        1015    -7.52318     -7.5505  0.00332935
        1016    -7.47708    -7.55043  0.00332685
        1017     -7.5159    -7.55039  0.00332376
        1018    -7.48128    -7.55032  0.00332118
        1019    -7.39966    -7.55018  0.00332121
        1020    -7.44736    -7.55008  0.00331949
        1021    -7.40665    -7.54994  0.00331921
        1022    -7.31341     -7.5497  0.00332402
        1023    -7.38408    -7.54954  0.00332471
        1024    -7.45092    -7.54945  0.00332286
        1025    -7.43598    -7.54934  0.00332146
        1026    -7.51442     -7.5493   0.0033184
        1027    -7.44493     -7.5492  0.00331672
        1028    -7.50663    -7.54916  0.00331375
        1029    -7.54185    -7.54915  0.00331054
        1030    -7.56648    -7.54917  0.00330737
        1031    -7.47367    -7.54909  0.00330497
        1032    -7.52163    -7.54907  0.00330188
        1033    -7.53501    -7.54905  0.00329871
        1034    -7.55346    -7.54906  0.00329552
        1035    -7.54697    -7.54906  0.00329234
        1036    -7.56545    -7.54907   0.0032892
        1037    -7.55398    -7.54908  0.00328603
        1038    -7.52465    -7.54905  0.00328295
        1039    -7.55191    -7.54906  0.00327979
        1040    -7.40729    -7.54892  0.00327947
        1041    -7.39982    -7.54878  0.00327944
        1042      -7.422    -7.54866  0.00327855
        1043    -7.48569    -7.54859  0.00327596
        1044    -7.59237    -7.54864  0.00327309
        1045    -7.60483    -7.54869   0.0032704
        1046    -7.61345    -7.54875  0.00326786
        1047    -7.60506    -7.54881  0.00326518
        1048     -7.5575    -7.54881  0.00326208
        1049    -7.58741    -7.54885  0.00325918
        1050    -7.57454    -7.54888  0.00325617
        1051    -7.56921     -7.5489  0.00325312
        1052    -7.51738    -7.54887  0.00325017
        1053    -7.55659    -7.54887  0.00324709
        1054    -7.60941    -7.54893  0.00324452
        1055    -7.67162    -7.54905  0.00324353
        1056    -7.71049     -7.5492  0.00324406
        1057    -7.61421    -7.54926  0.00324157
        1058    -7.65966    -7.54937  0.00324019
        1059    -7.63179    -7.54944  0.00323806
        1060    -7.60862     -7.5495  0.00323549
        1061    -7.63155    -7.54958  0.00323336
        1062    -7.57843     -7.5496  0.00323043
        1063    -7.58724    -7.54964  0.00322759
        1064    -7.60178    -7.54969  0.00322493
        1065    -7.62551    -7.54976  0.00322268
        1066    -7.54317    -7.54975  0.00321967
        1067    -7.54513    -7.54975  0.00321665
        1068     -7.5297    -7.54973  0.00321369
        1069      -7.485    -7.54967  0.00321126
        1070    -7.52895    -7.54965  0.00320832
        1071    -7.58505    -7.54968  0.00320549
        1072     -7.5744    -7.54971  0.00320258
        1073    -7.59867    -7.54975  0.00319992
        1074     -7.6075    -7.54981   0.0031974
        1075    -7.64464    -7.54989  0.00319564
        1076    -7.63807    -7.54998  0.00319372
        1077    -7.56349    -7.54999  0.00319078
        1078     -7.6119    -7.55005  0.00318833
        1079    -7.63131    -7.55012  0.00318627
        1080     -7.6105    -7.55018  0.00318381
        1081    -7.62449    -7.55025  0.00318161
        1082    -7.67847    -7.55036  0.00318087
        1083    -7.66002    -7.55046  0.00317955
        1084    -7.66458    -7.55057  0.00317836
        1085    -7.69718    -7.55071   0.0031783
        1086    -7.71252    -7.55085  0.00317886
        1087    -7.68725    -7.55098  0.00317841
        1088    -7.64959    -7.55107  0.00317678
        1089    -7.63458    -7.55115  0.00317479
        1090    -7.63662    -7.55123  0.00317285
        1091    -7.65272    -7.55132   0.0031713
        1092    -7.58335    -7.55135  0.00316853
        1093     -7.5897    -7.55138  0.00316583
        1094    -7.60823    -7.55144  0.00316336
        1095    -7.65805    -7.55153  0.00316197
        1096    -7.62418     -7.5516  0.00315978
        1097     -7.6277    -7.55167  0.00315766
        1098    -7.55431    -7.55167  0.00315479
        1099    -7.66048    -7.55177  0.00315347
        1100    -7.66021    -7.55187  0.00315214
        1101    -7.68237    -7.55199  0.00315151
        1102    -7.62541    -7.55205  0.00314935
        1103     -7.5797    -7.55208   0.0031466
        1104    -7.59862    -7.55212  0.00314403
        1105    -7.50939    -7.55208  0.00314142
        1106    -7.47219    -7.55201  0.00313941
        1107    -7.50036    -7.55196  0.00313692
        1108    -7.48856    -7.55191  0.00313461
        1109    -7.57333    -7.55192  0.00313185
        1110     -7.6438    -7.55201  0.00313012
        1111    -7.56444    -7.55202  0.00312732
        1112    -7.58303    -7.55205  0.00312463
        1113     -7.6287    -7.55212  0.00312258
        1114    -7.67413    -7.55223   0.0031217
        1115    -7.65367    -7.55232  0.00312023
        1116    -7.65369    -7.55241  0.00311875
        1117    -7.66117     -7.5525  0.00311748
        1118    -7.65412     -7.5526  0.00311602
        1119    -7.56235     -7.5526  0.00311324
        1120    -7.55241     -7.5526  0.00311046
        1121    -7.61136    -7.55266  0.00310813
        1122    -7.61833    -7.55271  0.00310591
        1123    -7.61606    -7.55277  0.00310366
        1124    -7.64606    -7.55285  0.00310201
        1125    -7.63902    -7.55293  0.00310019
        1126    -7.69117    -7.55305  0.00309987
        1127      -7.589    -7.55309  0.00309728
        1128    -7.56309    -7.55309  0.00309455
        1129    -7.52391    -7.55307  0.00309192
        1130    -7.44595    -7.55297  0.00309064
        1131    -7.43909    -7.55287  0.00308954
        1132    -7.50607    -7.55283  0.00308709
        1133    -7.49699    -7.55278  0.00308476
        1134    -7.40501    -7.55265  0.00308479
        1135    -7.34312    -7.55247  0.00308759
        1136    -7.41608    -7.55235  0.00308721
        1137    -7.43938    -7.55225  0.00308609
        1138     -7.4629    -7.55217  0.00308438
        1139    -7.43511    -7.55207  0.00308338
        1140    -7.38265    -7.55192  0.00308425
        1141    -7.46946    -7.55185   0.0030824
        1142    -7.50478     -7.5518  0.00307997
        1143    -7.56198    -7.55181  0.00307729
        1144    -7.53024    -7.55179  0.00307466
        1145    -7.55469     -7.5518  0.00307198
        1146     -7.5377    -7.55178  0.00306932
        1147    -7.54383    -7.55178  0.00306665
        1148    -7.54772    -7.55177  0.00306398
        1149    -7.60013    -7.55182   0.0030616
        1150    -7.59741    -7.55186   0.0030592
        1151    -7.55085    -7.55186  0.00305654
        1152    -7.50491    -7.55181  0.00305416
        1153    -7.42873    -7.55171  0.00305338
        1154    -7.42021    -7.55159  0.00305286
        1155     -7.4586    -7.55151  0.00305127
        1156    -7.49007    -7.55146   0.0030491
        1157    -7.50372    -7.55142  0.00304674
        1158    -7.54107    -7.55141  0.00304412
        1159    -7.51495    -7.55138  0.00304166
        1160    -7.58063     -7.5514  0.00303914
        1161     -7.5523     -7.5514  0.00303652
        1162    -7.52379    -7.55138    0.003034
        1163    -7.54341    -7.55137   0.0030314
        1164     -7.4986    -7.55133  0.00302914
        1165    -7.55953    -7.55134  0.00302655
        1166    -7.62048    -7.55139  0.00302453
        1167    -7.59895    -7.55144  0.00302221
        1168    -7.59717    -7.55147  0.00301988
        1169    -7.54653    -7.55147   0.0030173
        1170    -7.51932    -7.55144  0.00301485
        1171    -7.58453    -7.55147   0.0030124
        1172    -7.52028    -7.55144  0.00300995
        1173    -7.61251     -7.5515  0.00300784
        1174    -7.69279    -7.55162  0.00300768
        1175    -7.66928    -7.55172  0.00300679
        1176    -7.68067    -7.55183  0.00300623
        1177    -7.62076    -7.55189  0.00300425
        1178    -7.58625    -7.55191  0.00300184
        1179    -7.63013    -7.55198  0.00300002
        1180    -7.63086    -7.55205  0.00299823
        1181    -7.61219     -7.5521  0.00299612
        1182    -7.55699     -7.5521  0.00299359
        1183    -7.49596    -7.55206  0.00299143
        1184    -7.59089    -7.55209  0.00298909
        1185     -7.5787    -7.55211  0.00298665
        1186    -7.46373    -7.55204  0.00298506
        1187    -7.44054    -7.55194  0.00298402
        1188     -7.5062     -7.5519  0.00298176
        1189    -7.48488    -7.55185  0.00297978
        1190    -7.55944    -7.55185  0.00297729
        1191    -7.60662     -7.5519  0.00297514
        1192    -7.55997    -7.55191  0.00297265
        1193    -7.53453    -7.55189   0.0029702
        1194    -7.51937    -7.55186  0.00296783
        1195    -7.54252    -7.55186  0.00296536
        1196    -7.50438    -7.55182  0.00296315
        1197    -7.50138    -7.55178  0.00296097
        1198     -7.4801    -7.55172   0.0029591
        1199    -7.47696    -7.55165  0.00295729
        1200    -7.53198    -7.55164  0.00295487
