#     BLOCK:  ACTUAL_PE:     PE_AVE:      ERROR:
           1    -6.61507    -6.61507           0
           2     -6.5015    -6.55829    0.040152
           3    -6.41142    -6.50933    0.048106
           4    -6.33674    -6.46618   0.0519424
           5     -6.2379    -6.42053   0.0582613
           6    -6.18086    -6.38058   0.0607194
           7    -6.17641    -6.35141   0.0586338
           8    -6.19677    -6.33208    0.054398
           9    -6.17328    -6.31444   0.0511354
          10     -6.1626    -6.29926   0.0482235
          11    -6.17998    -6.28841   0.0450421
          12    -6.07126    -6.27032   0.0447765
          13     -5.9841     -6.2483   0.0464304
          14    -5.94433    -6.22659   0.0479224
          15    -5.88838    -6.20404   0.0497498
          16    -5.93212    -6.18704   0.0494581
          17    -5.88236    -6.16912   0.0496903
          18    -5.87456    -6.15276   0.0495512
          19    -5.84811    -6.13672   0.0494695
          20    -5.84979    -6.12238   0.0490322
          21    -5.85435    -6.10961     0.04833
          22    -5.89407    -6.09982   0.0471157
          23    -5.88491    -6.09047   0.0459844
          24     -5.8533    -6.08059   0.0451177
          25    -5.86368    -6.07191   0.0441393
          26    -5.90149    -6.06536   0.0429256
          27    -5.78551    -6.05499   0.0425687
          28    -5.71967    -6.04302   0.0426998
          29    -5.82875    -6.03563   0.0418617
          30    -5.93165    -6.03216   0.0406095
          31    -5.81885    -6.02528   0.0398783
          32      -5.766    -6.01718   0.0394467
          33    -5.77317    -6.00979   0.0389382
          34    -5.76428    -6.00257   0.0384566
          35    -5.87937    -5.99905   0.0375186
          36    -5.76853    -5.99264   0.0370188
          37    -5.94214    -5.99128   0.0360435
          38    -5.87941    -5.98833    0.035215
          39    -5.88393    -5.98566   0.0344136
          40    -5.82369    -5.98161   0.0337907
          41    -5.80637    -5.97733   0.0332357
          42    -5.85563    -5.97444   0.0325705
          43    -5.85333    -5.97162   0.0319346
          44    -5.85195     -5.9689   0.0313244
          45    -5.77027    -5.96449   0.0309377
          46    -5.73521     -5.9595    0.030664
          47     -5.7125    -5.95425   0.0304586
          48    -5.67335    -5.94839    0.030381
          49    -5.67917     -5.9429   0.0302537
          50    -5.74578    -5.93896   0.0299044
          51    -5.77457    -5.93573   0.0294913
          52    -5.76024    -5.93236   0.0291166
          53    -5.73284    -5.92859   0.0288095
          54    -5.67752    -5.92394   0.0286488
          55    -5.64381    -5.91885   0.0285771
          56    -5.57702    -5.91275   0.0287113
          57    -5.63862    -5.90794   0.0286075
          58    -5.61434    -5.90288   0.0285586
          59    -5.61672    -5.89803   0.0284835
          60    -5.59919    -5.89305   0.0284409
          61    -5.53718    -5.88721   0.0285667
          62    -5.43793    -5.87997   0.0290105
          63     -5.4899    -5.87377   0.0292032
          64    -5.50192    -5.86796   0.0293192
          65     -5.4761    -5.86193   0.0294814
          66    -5.45703     -5.8558   0.0296662
          67    -5.44432    -5.84966   0.0298524
          68    -5.42993    -5.84349   0.0300447
          69    -5.53796    -5.83906   0.0299338
          70    -5.54757    -5.83489   0.0297944
          71    -5.59571    -5.83152   0.0295646
          72    -5.59046    -5.82818   0.0293429
          73    -5.57812    -5.82475   0.0291402
          74    -5.54635    -5.82099   0.0289883
          75    -5.59631    -5.81799   0.0287561
          76    -5.58447    -5.81492   0.0285415
          77     -5.5316    -5.81124    0.028407
          78    -5.54702    -5.80785    0.028244
          79     -5.5711    -5.80486   0.0280451
          80     -5.5889    -5.80216   0.0278241
          81    -5.61028    -5.79979   0.0275813
          82    -5.55386    -5.79679   0.0274075
          83    -5.48055    -5.79298   0.0273408
          84    -5.46548    -5.78908   0.0272919
          85     -5.5079    -5.78577   0.0271706
          86    -5.47192    -5.78212   0.0270986
          87    -5.52866    -5.77921   0.0269433
          88    -5.58525    -5.77701   0.0267271
          89    -5.52159    -5.77414   0.0265804
          90    -5.48651    -5.77094   0.0264765
          91    -5.63204    -5.76941   0.0262295
          92     -5.6495    -5.76811   0.0259768
          93    -5.46032     -5.7648   0.0259074
          94    -5.44947    -5.76145   0.0258481
          95    -5.45374    -5.75821   0.0257782
          96    -5.55423    -5.75608    0.025597
          97    -5.48017    -5.75324   0.0254907
          98    -5.48065    -5.75046   0.0253819
          99    -5.50945    -5.74802    0.025242
         100     -5.5304    -5.74585   0.0250832
         101    -5.61233    -5.74452   0.0248697
         102     -5.5492    -5.74261   0.0246995
         103    -5.59776     -5.7412   0.0244997
         104     -5.5688    -5.73954   0.0243201
         105    -5.60223    -5.73824   0.0241236
         106    -5.60666      -5.737    0.023928
         107     -5.6074    -5.73578    0.023735
         108    -5.54534    -5.73402   0.0235806
         109    -5.59116    -5.73271   0.0234007
         110    -5.57625    -5.73129   0.0232311
         111    -5.57013    -5.72984   0.0230672
         112    -5.48133    -5.72762   0.0229677
         113    -5.43293    -5.72501    0.022912
         114    -5.42374    -5.72237   0.0228629
         115    -5.38314    -5.71942   0.0228536
         116    -5.38869    -5.71657   0.0228337
         117    -5.21713     -5.7123   0.0230341
         118     -5.4068    -5.70971    0.022984
         119    -5.56637     -5.7085   0.0228224
         120     -5.5835    -5.70746   0.0226559
         121    -5.51144    -5.70584   0.0225265
         122    -5.57239    -5.70475   0.0223684
         123    -5.50488    -5.70312   0.0222455
         124    -5.51092    -5.70157   0.0221201
         125    -5.41574    -5.69929    0.022061
         126    -5.37844    -5.69674   0.0220324
         127    -5.38182    -5.69426    0.021998
         128    -5.32145    -5.69135   0.0220181
         129    -5.29422    -5.68827   0.0220616
         130    -5.32771     -5.6855   0.0220655
         131    -5.35306    -5.68296   0.0220425
         132    -5.31361    -5.68016   0.0220524
         133    -5.26251    -5.67702   0.0221091
         134    -5.26331    -5.67393   0.0221586
         135     -5.3098    -5.67124    0.022158
         136    -5.30419    -5.66854   0.0221588
         137    -5.33429     -5.6661    0.022131
         138    -5.44099    -5.66447   0.0220307
         139    -5.48346    -5.66316   0.0219106
         140    -5.43314    -5.66152   0.0218156
         141    -5.52917    -5.66058   0.0216811
         142    -5.54015    -5.65973    0.021545
         143    -5.52289    -5.65878   0.0214156
         144    -5.49269    -5.65762   0.0212979
         145    -5.50753    -5.65659   0.0211761
         146     -5.4742    -5.65534   0.0210679
         147    -5.56809    -5.65475    0.020933
         148    -5.56923    -5.65417   0.0207995
         149    -5.53467    -5.65337   0.0206753
         150    -5.47656    -5.65219   0.0205711
         151    -5.57453    -5.65167   0.0204413
         152    -5.51171    -5.65075   0.0203275
         153    -5.48982     -5.6497   0.0202219
         154    -5.43229    -5.64829   0.0201398
         155    -5.45907    -5.64707   0.0200468
         156    -5.39006    -5.64542   0.0199859
         157    -5.36882    -5.64366   0.0199361
         158    -5.48668    -5.64266   0.0198346
         159    -5.40797    -5.64119   0.0197647
         160    -5.29404    -5.63902   0.0197599
         161     -5.2725    -5.63674   0.0197679
         162    -5.33326    -5.63487   0.0197344
         163    -5.33648    -5.63304   0.0196981
         164    -5.38545    -5.63153   0.0196357
         165    -5.35637    -5.62986   0.0195874
         166    -5.41246    -5.62855   0.0195132
         167    -5.34847    -5.62687   0.0194683
         168    -5.35915    -5.62528   0.0194175
         169    -5.40647    -5.62399   0.0193457
         170    -5.25112    -5.62179   0.0193559
         171     -5.2975     -5.6199   0.0193353
         172    -5.32765     -5.6182   0.0192974
         173     -5.3921    -5.61689   0.0192301
         174    -5.41453    -5.61573   0.0191547
         175    -5.40921    -5.61455   0.0190816
         176    -5.23135    -5.61237    0.019097
         177    -5.23559    -5.61024   0.0191074
         178     -5.2585    -5.60827   0.0191019
         179    -5.27573    -5.60641   0.0190853
         180    -5.32631    -5.60485   0.0190426
         181    -5.36917    -5.60355   0.0189819
         182     -5.4224    -5.60255   0.0189037
         183    -5.35833    -5.60122   0.0188474
         184    -5.40884    -5.60017    0.018774
         185    -5.39986    -5.59909   0.0187037
         186    -5.40107    -5.59803   0.0186334
         187    -5.44849    -5.59723   0.0185509
         188    -5.38504     -5.5961   0.0184865
         189    -5.43686    -5.59526   0.0184079
         190    -5.49897    -5.59475    0.018318
         191     -5.5232    -5.59437   0.0182259
         192    -5.54784    -5.59413   0.0181326
         193    -5.47857    -5.59353   0.0180485
         194    -5.47962    -5.59295   0.0179651
         195    -5.45814    -5.59225   0.0178862
         196    -5.46926    -5.59163    0.017806
         197    -5.45646    -5.59094   0.0177288
         198    -5.48092    -5.59039    0.017648
         199    -5.41651    -5.58951   0.0175809
         200    -5.42128    -5.58867   0.0175131
         201    -5.50993    -5.58828   0.0174304
         202    -5.49349    -5.58781   0.0173504
         203    -5.56737    -5.58771   0.0172652
         204    -5.45011    -5.58703   0.0171937
         205      -5.442    -5.58633   0.0171244
         206     -5.4457    -5.58564   0.0170549
         207    -5.47184    -5.58509   0.0169814
         208    -5.40089    -5.58421   0.0169228
         209    -5.43379    -5.58349   0.0168571
         210    -5.43084    -5.58276   0.0167925
         211    -5.38791    -5.58184   0.0167383
         212    -5.42436     -5.5811   0.0166758
         213    -5.35462    -5.58003   0.0166314
         214     -5.3941    -5.57916   0.0165764
         215    -5.40217    -5.57834   0.0165197
         216    -5.36843    -5.57737   0.0164718
         217    -5.42155    -5.57665   0.0164115
         218    -5.51237    -5.57636   0.0163389
         219    -5.52353    -5.57611    0.016266
         220    -5.55805    -5.57603   0.0161923
         221    -5.60851    -5.57618   0.0161197
         222     -5.6512    -5.57652   0.0160506
         223    -5.61866    -5.57671   0.0159798
         224    -5.51327    -5.57642    0.015911
         225    -5.52706     -5.5762   0.0158418
         226    -5.48782    -5.57581   0.0157765
         227    -5.51473    -5.57554   0.0157093
         228    -5.50438    -5.57523   0.0156435
         229    -5.57817    -5.57524   0.0155752
         230    -5.52644    -5.57503   0.0155089
         231    -5.46799    -5.57457   0.0154487
         232    -5.57146    -5.57456   0.0153821
         233    -5.52157    -5.57433   0.0153178
         234    -5.52386    -5.57411   0.0152538
         235    -5.44727    -5.57357   0.0151985
         236    -5.51615    -5.57333    0.015136
         237    -5.52282    -5.57312   0.0150736
         238    -5.47765    -5.57271   0.0150156
         239    -5.45202    -5.57221   0.0149613
         240    -5.39285    -5.57146   0.0149176
         241    -5.51593    -5.57123   0.0148575
         242    -5.41861     -5.5706   0.0148095
         243    -5.40797    -5.56993   0.0147637
         244    -5.42298    -5.56933   0.0147154
         245    -5.47059    -5.56893   0.0146609
         246    -5.56991    -5.56893   0.0146013
         247    -5.40295    -5.56826   0.0145576
         248    -5.43293    -5.56771   0.0145091
         249    -5.42995    -5.56716   0.0144614
         250    -5.34032    -5.56625    0.014432
         251    -5.30183     -5.5652   0.0144129
         252    -5.43967     -5.5647   0.0143643
         253    -5.50002    -5.56445   0.0143098
         254    -5.50303     -5.5642   0.0142555
         255    -5.45916    -5.56379   0.0142056
         256    -5.50641    -5.56357   0.0141519
         257    -5.53943    -5.56347   0.0140971
         258    -5.69646    -5.56399   0.0140519
         259    -5.61169    -5.56417   0.0139988
         260    -5.62879    -5.56442   0.0139472
         261    -5.55211    -5.56437   0.0138938
         262     -5.4962    -5.56411   0.0138432
         263    -5.57961    -5.56417   0.0137907
         264    -5.59295    -5.56428   0.0137389
         265    -5.51079    -5.56408   0.0136886
         266    -5.48696    -5.56379   0.0136402
         267    -5.46431    -5.56342   0.0135942
         268    -5.35205    -5.56263   0.0135663
         269     -5.4191     -5.5621   0.0135264
         270    -5.45956    -5.56172   0.0134816
         271    -5.52898     -5.5616   0.0134324
         272    -5.63574    -5.56187   0.0133858
         273    -5.59375    -5.56198   0.0133372
         274    -5.59062    -5.56209    0.013289
         275    -5.57352    -5.56213   0.0132407
         276    -5.58626    -5.56222    0.013193
         277    -5.52808    -5.56209    0.013146
         278    -5.46595    -5.56175   0.0131032
         279    -5.43546     -5.5613   0.0130641
         280    -5.41308    -5.56077   0.0130282
         281    -5.41625    -5.56025   0.0129919
         282     -5.4173    -5.55975   0.0129558
         283    -5.40288    -5.55919   0.0129218
         284    -5.44775     -5.5588   0.0128823
         285    -5.46873    -5.55848    0.012841
         286    -5.47995    -5.55821    0.012799
         287    -5.41393    -5.55771   0.0127643
         288    -5.34168    -5.55696    0.012742
         289    -5.35944    -5.55627   0.0127162
         290    -5.37767    -5.55566   0.0126873
         291    -5.40491    -5.55514   0.0126542
         292    -5.49965    -5.55495   0.0126123
         293    -5.56274    -5.55497   0.0125693
         294    -5.56255      -5.555   0.0125266
         295    -5.59837    -5.55515    0.012485
         296    -5.53643    -5.55508    0.012443
         297    -5.57108    -5.55514   0.0124012
         298    -5.59925    -5.55529   0.0123604
         299    -5.60212    -5.55544   0.0123201
         300    -5.64949    -5.55576    0.012283
         301    -5.60459    -5.55592   0.0122433
         302    -5.57244    -5.55597   0.0122029
         303    -5.72398    -5.55653   0.0121752
         304    -5.65989    -5.55687   0.0121399
         305    -5.63491    -5.55712   0.0121028
         306    -5.67839    -5.55752   0.0120697
         307    -5.70903    -5.55801   0.0120405
         308    -5.63871    -5.55828   0.0120042
         309    -5.52799    -5.55818   0.0119658
         310    -5.54213    -5.55813   0.0119273
         311    -5.54286    -5.55808    0.011889
         312    -5.54522    -5.55804    0.011851
         313    -5.57237    -5.55808   0.0118132
         314     -5.6295    -5.55831   0.0117778
         315    -5.61851     -5.5585    0.011742
         316     -5.6791    -5.55888    0.011711
         317     -5.7029    -5.55934   0.0116829
         318    -5.60652    -5.55948   0.0116471
         319    -5.64241    -5.55974   0.0116135
         320    -5.60268    -5.55988   0.0115779
         321    -5.55647    -5.55987   0.0115419
         322    -5.60715    -5.56001    0.011507
         323    -5.58615     -5.5601   0.0114716
         324    -5.52112    -5.55998   0.0114369
         325    -5.58673    -5.56006    0.011402
         326    -5.56958    -5.56009    0.011367
         327    -5.59569     -5.5602   0.0113328
         328     -5.4405    -5.55983   0.0113041
         329    -5.46981    -5.55956   0.0112731
         330    -5.54016     -5.5595   0.0112391
         331    -5.54167    -5.55944   0.0112052
         332    -5.53467    -5.55937   0.0111717
         333    -5.48932    -5.55916   0.0111402
         334    -5.55159    -5.55914   0.0111068
         335     -5.5848    -5.55921   0.0110739
         336    -5.51347    -5.55908   0.0110418
         337    -5.48761    -5.55887   0.0110111
         338    -5.50495    -5.55871   0.0109797
         339    -5.54544    -5.55867   0.0109473
         340    -5.51002    -5.55852   0.0109161
         341    -5.58685    -5.55861   0.0108844
         342    -5.53648    -5.55854   0.0108528
         343       -5.64    -5.55878   0.0108237
         344     -5.6497    -5.55904   0.0107955
         345    -5.52885    -5.55896   0.0107645
         346    -5.57198    -5.55899   0.0107335
         347    -5.60151    -5.55912   0.0107033
         348    -5.60049    -5.55924   0.0106732
         349    -5.59222    -5.55933    0.010643
         350    -5.64614    -5.55958   0.0106155
         351    -5.64889    -5.55983   0.0105883
         352    -5.55335    -5.55981   0.0105582
         353    -5.51721    -5.55969    0.010529
         354    -5.63048    -5.55989   0.0105012
         355    -5.61354    -5.56004   0.0104727
         356     -5.6707    -5.56035   0.0104479
         357    -5.73967    -5.56086   0.0104307
         358    -5.64643     -5.5611   0.0104043
         359    -5.54675    -5.56106   0.0103754
         360    -5.58023    -5.56111   0.0103467
         361    -5.59707    -5.56121   0.0103185
         362    -5.54799    -5.56117   0.0102901
         363    -5.57518    -5.56121   0.0102618
         364    -5.61062    -5.56135   0.0102345
         365    -5.61348    -5.56149   0.0102074
         366    -5.60164     -5.5616   0.0101801
         367    -5.56156     -5.5616   0.0101524
         368    -5.53767    -5.56153    0.010125
         369    -5.47449     -5.5613   0.0101003
         370    -5.59959     -5.5614   0.0100736
         371    -5.54985    -5.56137   0.0100465
         372    -5.48298    -5.56116   0.0100217
         373    -5.37916    -5.56067   0.0100067
         374    -5.41278    -5.56028  0.00998772
         375    -5.41033    -5.55988  0.00996909
         376    -5.36457    -5.55936   0.0099561
         377    -5.38001    -5.55888  0.00994105
         378    -5.39195    -5.55844  0.00992455
         379    -5.44651    -5.55814  0.00990276
         380    -5.39906    -5.55773  0.00988554
         381    -5.45052    -5.55744   0.0098636
         382    -5.53206    -5.55738    0.009838
         383    -5.54929    -5.55736  0.00981234
         384    -5.55248    -5.55734   0.0097868
         385     -5.5315    -5.55728  0.00976161
         386    -5.59918    -5.55739  0.00973692
         387    -5.59777    -5.55749  0.00971232
         388    -5.58849    -5.55757  0.00968762
         389    -5.60039    -5.55768  0.00966334
         390    -5.67453    -5.55798   0.0096432
         391    -5.62811    -5.55816  0.00962021
         392    -5.66555    -5.55843  0.00959957
         393    -5.71114    -5.55882    0.009583
         394    -5.68991    -5.55915  0.00956445
         395     -5.6323    -5.55934  0.00954203
         396    -5.59972    -5.55944  0.00951848
         397    -5.59399    -5.55953   0.0094949
         398    -5.58123    -5.55958   0.0094712
         399    -5.69338    -5.55992   0.0094534
         400    -5.65043    -5.56014  0.00943247
         401     -5.6797    -5.56044  0.00941366
         402    -5.62292     -5.5606  0.00939153
         403    -5.51227    -5.56048  0.00936899
         404    -5.52199    -5.56038  0.00934628
         405    -5.53657    -5.56032  0.00932339
         406    -5.68019    -5.56062   0.0093051
         407    -5.77538    -5.56115  0.00929719
         408    -5.74342    -5.56159  0.00928513
         409    -5.65671    -5.56183  0.00926534
         410    -5.63227      -5.562  0.00924433
         411    -5.52873    -5.56192  0.00922219
         412    -5.60092    -5.56201   0.0092003
         413    -5.53202    -5.56194  0.00917831
         414    -5.51125    -5.56182  0.00915695
         415    -5.52604    -5.56173  0.00913529
         416    -5.50654     -5.5616   0.0091143
         417    -5.59546    -5.56168   0.0090928
         418    -5.57347    -5.56171  0.00907109
         419       -5.49    -5.56154  0.00905106
         420    -5.47924    -5.56134  0.00903163
         421    -5.52954    -5.56126  0.00901049
         422    -5.61284    -5.56139  0.00898997
         423    -5.47378    -5.56118   0.0089711
         424    -5.56733    -5.56119  0.00894995
         425    -5.53934    -5.56114  0.00892904
         426    -5.44983    -5.56088   0.0089119
         427    -5.50106    -5.56074  0.00889213
         428    -5.56326    -5.56075  0.00887136
         429    -5.52222    -5.56066  0.00885114
         430    -5.51976    -5.56056  0.00883106
         431    -5.49349    -5.56041  0.00881194
         432    -5.49668    -5.56026  0.00879278
         433    -5.51557    -5.56016  0.00877308
         434    -5.45821    -5.55992  0.00875601
         435     -5.5159    -5.55982  0.00873647
         436    -5.53839    -5.55977  0.00871657
         437    -5.44174     -5.5595   0.0087008
         438      -5.598    -5.55959  0.00868138
         439    -5.53317    -5.55953  0.00866182
         440     -5.5402    -5.55948  0.00864224
         441    -5.61628    -5.55961   0.0086236
         442    -5.61726    -5.55974  0.00860508
         443    -5.69094    -5.56004  0.00859075
         444    -5.58783     -5.5601  0.00857163
         445    -5.63201    -5.56026  0.00855389
         446    -5.61539    -5.56039   0.0085356
         447    -5.61985    -5.56052  0.00851754
         448    -5.62319    -5.56066  0.00849968
         449    -5.60001    -5.56075   0.0084812
         450    -5.63874    -5.56092  0.00846413
         451    -5.70793    -5.56125  0.00845163
         452    -5.65321    -5.56145  0.00843538
         453    -5.56905    -5.56147  0.00841678
         454    -5.53772    -5.56142   0.0083984
         455    -5.54342    -5.56138  0.00838004
         456    -5.55334    -5.56136  0.00836168
         457    -5.52098    -5.56127  0.00834385
         458    -5.46357    -5.56106  0.00832836
         459    -5.49239    -5.56091  0.00831155
         460    -5.55454    -5.56089   0.0082935
         461    -5.54926    -5.56087  0.00827555
         462    -5.50648    -5.56075  0.00825847
         463    -5.59876    -5.56083  0.00824104
         464     -5.6004    -5.56092  0.00822372
         465    -5.65329    -5.56112  0.00820844
         466    -5.54951    -5.56109  0.00819086
         467    -5.44659    -5.56085  0.00817699
         468    -5.48684    -5.56069  0.00816104
         469    -5.49172    -5.56054  0.00814497
         470    -5.47324    -5.56036  0.00812976
         471    -5.42508    -5.56007  0.00811757
         472     -5.4512    -5.55984  0.00810365
         473    -5.44285    -5.55959  0.00809029
         474    -5.44965    -5.55936  0.00807654
         475    -5.55105    -5.55934  0.00805956
         476      -5.479    -5.55917  0.00804439
         477    -5.47859      -5.559   0.0080293
         478    -5.48071    -5.55884  0.00801418
         479    -5.53156    -5.55878  0.00799765
         480     -5.5477    -5.55876  0.00798102
         481    -5.57126    -5.55879  0.00796447
         482    -5.54767    -5.55876  0.00794798
         483    -5.48432    -5.55861  0.00793302
         484    -5.52597    -5.55854  0.00791691
         485    -5.56188    -5.55855  0.00790059
         486    -5.66152    -5.55876  0.00788718
         487    -5.70476    -5.55906  0.00787668
         488    -5.62219    -5.55919   0.0078616
         489    -5.66925    -5.55941  0.00784874
         490    -5.63193    -5.55956  0.00783412
         491    -5.56037    -5.55956  0.00781816
         492    -5.53911    -5.55952  0.00780238
         493     -5.5144    -5.55943  0.00778709
         494    -5.46271    -5.55923  0.00777379
         495    -5.38785    -5.55889  0.00776579
         496     -5.3871    -5.55854  0.00775786
         497    -5.37624    -5.55817  0.00775091
         498    -5.38697    -5.55783  0.00774297
         499    -5.42327    -5.55756  0.00773215
         500    -5.53008    -5.55751  0.00771688
         501    -5.42873    -5.55725  0.00770576
         502    -5.44923    -5.55703  0.00769341
         503      -5.538      -5.557  0.00767821
         504    -5.62623    -5.55713   0.0076642
         505    -5.53796     -5.5571  0.00764912
         506    -5.54036    -5.55706  0.00763407
         507    -5.49757    -5.55695  0.00761992
         508    -5.50503    -5.55684   0.0076056
         509      -5.542    -5.55681  0.00759072
         510    -5.51932    -5.55674  0.00757619
         511    -5.46256    -5.55656   0.0075636
         512    -5.48837    -5.55642     0.00755
         513    -5.60267    -5.55651  0.00753583
         514    -5.58332    -5.55657  0.00752134
         515    -5.58007    -5.55661  0.00750688
         516    -5.60741    -5.55671  0.00749298
         517    -5.54522    -5.55669  0.00747852
         518    -5.51335     -5.5566  0.00746455
         519    -5.45961    -5.55642   0.0074525
         520    -5.44922    -5.55621  0.00744102
         521    -5.51482    -5.55613  0.00742716
         522    -5.43184    -5.55589  0.00741675
         523    -5.45185    -5.55569  0.00740524
         524     -5.4433    -5.55548  0.00739421
         525     -5.5951    -5.55555  0.00738051
         526    -5.53099    -5.55551  0.00736663
         527    -5.50494    -5.55541  0.00735328
         528    -5.53904    -5.55538  0.00733941
         529    -5.59753    -5.55546  0.00732597
         530    -5.57693     -5.5555  0.00731226
         531    -5.59148    -5.55557   0.0072988
         532    -5.57048     -5.5556  0.00728514
         533    -5.44978     -5.5554  0.00727418
         534    -5.43014    -5.55516  0.00726433
         535    -5.46785      -5.555  0.00725259
         536    -5.55018    -5.55499  0.00723906
         537    -5.51406    -5.55492  0.00722598
         538    -5.47157    -5.55476  0.00721421
         539    -5.53122    -5.55472  0.00720096
         540    -5.46394    -5.55455  0.00718959
         541    -5.37658    -5.55422  0.00718382
         542      -5.435      -5.554  0.00717393
         543    -5.46305    -5.55383  0.00716268
         544     -5.3877    -5.55353  0.00715602
         545    -5.40674    -5.55326  0.00714795
         546    -5.43807    -5.55305  0.00713798
         547    -5.55738    -5.55305  0.00712493
         548    -5.50142    -5.55296  0.00711255
         549     -5.4731    -5.55282  0.00710108
         550    -5.62223    -5.55294  0.00708929
         551    -5.63982     -5.5531  0.00707818
         552    -5.59428    -5.55317  0.00706575
         553    -5.60638    -5.55327  0.00705363
         554    -5.65439    -5.55345  0.00704326
         555    -5.64855    -5.55362  0.00703265
         556    -5.61046    -5.55373  0.00702075
         557    -5.53034    -5.55368  0.00700827
         558    -5.57478    -5.55372  0.00699581
         559    -5.49633    -5.55362  0.00698405
         560    -5.58941    -5.55368  0.00697187
         561     -5.6098    -5.55378  0.00696016
         562    -5.54796    -5.55377  0.00694778
         563    -5.51813    -5.55371  0.00693573
         564    -5.51536    -5.55364  0.00692377
         565    -5.58895     -5.5537  0.00691179
         566     -5.5842    -5.55376  0.00689979
         567    -5.48506    -5.55364  0.00688869
         568    -5.48118    -5.55351  0.00687774
         569      -5.407    -5.55325  0.00687047
         570    -5.42246    -5.55302  0.00686225
         571    -5.42343     -5.5528  0.00685398
         572    -5.41304    -5.55255  0.00684635
         573    -5.41645    -5.55231  0.00683852
         574     -5.4672    -5.55216  0.00682822
         575    -5.45313    -5.55199  0.00681851
         576     -5.3829     -5.5517  0.00681299
         577    -5.38497    -5.55141  0.00680731
         578    -5.37036     -5.5511  0.00680274
         579     -5.4513    -5.55092  0.00679317
         580    -5.42986    -5.55072  0.00678466
         581    -5.56784    -5.55075  0.00677305
         582    -5.53189    -5.55071  0.00676149
         583    -5.58667    -5.55077  0.00675017
         584    -5.46438    -5.55063  0.00674024
         585    -5.47615     -5.5505  0.00672992
         586    -5.50463    -5.55042  0.00671889
         587    -5.56487    -5.55045  0.00670749
         588    -5.53962    -5.55043   0.0066961
         589    -5.61741    -5.55054   0.0066857
         590      -5.569    -5.55057  0.00667444
         591    -5.49151    -5.55047   0.0066639
         592    -5.39446    -5.55021  0.00665785
         593     -5.4597    -5.55006  0.00664837
         594    -5.42639    -5.54985  0.00664044
         595     -5.4708    -5.54972  0.00663061
         596    -5.41928     -5.5495  0.00662309
         597    -5.50953    -5.54943  0.00661234
         598    -5.52765    -5.54939  0.00660138
         599    -5.46279    -5.54925  0.00659194
         600    -5.45171    -5.54909  0.00658296
         601    -5.57546    -5.54913  0.00657215
         602    -5.58656    -5.54919  0.00656153
         603    -5.58239    -5.54925  0.00655088
         604    -5.62412    -5.54937  0.00654121
         605    -5.62313    -5.54949  0.00653153
         606    -5.61677     -5.5496  0.00652169
         607    -5.55646    -5.54962  0.00651096
         608    -5.49173    -5.54952  0.00650095
         609    -5.54942    -5.54952  0.00649027
         610    -5.63361    -5.54966   0.0064811
         611    -5.55361    -5.54966  0.00647049
         612    -5.54781    -5.54966  0.00645992
         613    -5.61015    -5.54976  0.00645014
         614    -5.59495    -5.54983  0.00644005
         615    -5.62356    -5.54995  0.00643069
         616    -5.58434    -5.55001   0.0064205
         617    -5.55886    -5.55002  0.00641011
         618    -5.59228    -5.55009   0.0064001
         619    -5.64145    -5.55024  0.00639146
         620    -5.68863    -5.55046  0.00638505
         621    -5.64309    -5.55061  0.00637651
         622    -5.53649    -5.55059   0.0063663
         623    -5.49346     -5.5505  0.00635674
         624     -5.6018    -5.55058  0.00634708
         625    -5.62001    -5.55069   0.0063379
         626     -5.5259    -5.55065   0.0063279
         627    -5.57543    -5.55069  0.00631793
         628     -5.6348    -5.55082  0.00630929
         629    -5.61197    -5.55092  0.00630001
         630    -5.61707    -5.55103  0.00629088
         631    -5.54941    -5.55102  0.00628091
         632    -5.50978    -5.55096  0.00627132
         633    -5.46861    -5.55083  0.00626276
         634    -5.44686    -5.55066  0.00625503
         635     -5.5338    -5.55064  0.00624523
         636    -5.46337     -5.5505  0.00623692
         637    -5.46665    -5.55037  0.00622852
         638    -5.46383    -5.55023  0.00622023
         639    -5.45385    -5.55008  0.00621233
         640    -5.53895    -5.55007  0.00620264
         641    -5.56525    -5.55009  0.00619301
         642     -5.5398    -5.55007  0.00618339
         643    -5.54895    -5.55007  0.00617377
         644    -5.60926    -5.55016  0.00616487
         645    -5.58521    -5.55022  0.00615555
         646    -5.43119    -5.55003  0.00614878
         647    -5.48548    -5.54993  0.00614008
         648    -5.48756    -5.54984  0.00613136
         649     -5.5243     -5.5498  0.00612204
         650    -5.57144    -5.54983  0.00611271
         651    -5.53431    -5.54981  0.00610337
         652      -5.416     -5.5496  0.00609746
         653    -5.44685    -5.54944  0.00609015
         654    -5.43127    -5.54926  0.00608352
         655    -5.46111    -5.54913  0.00607572
         656     -5.4846    -5.54903  0.00606725
         657    -5.49704    -5.54895  0.00605854
         658    -5.55063    -5.54895  0.00604933
         659    -5.52823    -5.54892  0.00604023
         660    -5.51406    -5.54887  0.00603131
         661    -5.40259    -5.54865  0.00602624
         662    -5.35056    -5.54835  0.00602456
         663    -5.38586     -5.5481  0.00602046
         664     -5.3822    -5.54785  0.00601658
         665     -5.2643    -5.54743  0.00602262
         666    -5.36591    -5.54716  0.00601974
         667    -5.37631     -5.5469  0.00601616
         668    -5.31047    -5.54655  0.00601756
         669    -5.27196    -5.54614  0.00602254
         670    -5.38584     -5.5459  0.00601831
         671    -5.38142    -5.54565  0.00601433
         672    -5.43471    -5.54549  0.00600764
         673    -5.51519    -5.54544  0.00599888
         674    -5.44083    -5.54529  0.00599199
         675    -5.44024    -5.54513  0.00598513
         676    -5.43874    -5.54497  0.00597835
         677    -5.32789    -5.54465  0.00597811
         678    -5.38797    -5.54442  0.00597376
         679    -5.36052    -5.54415   0.0059711
         680    -5.45165    -5.54401  0.00596387
         681    -5.45298    -5.54388  0.00595661
         682    -5.43619    -5.54372  0.00594997
         683    -5.50648    -5.54367   0.0059415
         684    -5.55392    -5.54368  0.00593284
         685    -5.50419    -5.54363  0.00592446
         686    -5.49161    -5.54355  0.00591631
         687     -5.3572    -5.54328  0.00591391
         688    -5.48304    -5.54319  0.00590596
         689    -5.39838    -5.54298  0.00590113
         690    -5.50096    -5.54292  0.00589289
         691    -5.43498    -5.54276  0.00588643
         692    -5.56323    -5.54279    0.005878
         693    -5.41381    -5.54261  0.00587246
         694    -5.49844    -5.54254  0.00586435
         695    -5.41537    -5.54236  0.00585876
         696    -5.48514    -5.54228  0.00585092
         697    -5.50887    -5.54223  0.00584272
         698     -5.4887    -5.54215  0.00583486
         699    -5.52485    -5.54213  0.00582656
         700     -5.4511      -5.542  0.00581969
         701    -5.37921    -5.54177  0.00581602
         702    -5.31826    -5.54145  0.00581644
         703    -5.36683     -5.5412  0.00581347
         704    -5.46035    -5.54108  0.00580634
         705    -5.52867    -5.54107  0.00579814
         706     -5.5692    -5.54111  0.00579006
         707    -5.54878    -5.54112  0.00578188
         708    -5.53517    -5.54111  0.00577372
         709     -5.5629    -5.54114  0.00576566
         710    -5.55055    -5.54115  0.00575755
         711    -5.55425    -5.54117  0.00574948
         712    -5.55919     -5.5412  0.00574147
         713    -5.58107    -5.54125  0.00573368
         714    -5.58677    -5.54132  0.00572601
         715    -5.54154    -5.54132    0.005718
         716    -5.49614    -5.54125  0.00571036
         717    -5.57876    -5.54131  0.00570264
         718     -5.5655    -5.54134  0.00569479
         719    -5.52251    -5.54131  0.00568693
         720    -5.52135    -5.54129   0.0056791
         721    -5.50577    -5.54124  0.00567144
         722    -5.40391    -5.54105  0.00566677
         723    -5.45373    -5.54093  0.00566022
         724    -5.47277    -5.54083  0.00565319
         725    -5.46485    -5.54073  0.00564636
         726    -5.49185    -5.54066  0.00563899
         727    -5.45022    -5.54054   0.0056326
         728    -5.38371    -5.54032  0.00562898
         729    -5.34029    -5.54005  0.00562794
         730    -5.40092    -5.53985  0.00562346
         731    -5.46846    -5.53976  0.00561662
         732    -5.45229    -5.53964  0.00561021
         733    -5.44147     -5.5395  0.00560416
         734    -5.45555    -5.53939  0.00559769
         735    -5.47862    -5.53931  0.00559068
         736    -5.46965    -5.53921  0.00558389
         737    -5.43585    -5.53907  0.00557807
         738    -5.48871      -5.539  0.00557093
         739    -5.54334    -5.53901   0.0055634
         740    -5.44183    -5.53888  0.00555743
         741    -5.44695    -5.53875  0.00555131
         742    -5.44351    -5.53863  0.00554532
         743    -5.46615    -5.53853  0.00553871
         744    -5.35004    -5.53827  0.00553706
         745    -5.45297    -5.53816  0.00553081
         746    -5.45404    -5.53805  0.00552454
         747    -5.46283    -5.53795  0.00551807
         748    -5.46607    -5.53785  0.00551153
         749    -5.50588    -5.53781  0.00550433
         750    -5.54217    -5.53781    0.005497
         751    -5.55852    -5.53784  0.00548975
         752    -5.50354     -5.5378  0.00548264
         753    -5.51401    -5.53776  0.00547545
         754    -5.50353    -5.53772  0.00546837
         755    -5.43701    -5.53759  0.00546276
         756    -5.43868    -5.53745   0.0054571
         757    -5.44914    -5.53734  0.00545113
         758    -5.48828    -5.53727  0.00544433
         759    -5.24071    -5.53688  0.00545116
         760    -5.28646    -5.53655  0.00545393
         761    -5.31734    -5.53626  0.00545437
         762    -5.34401    -5.53601  0.00545304
         763    -5.43564    -5.53588  0.00544748
         764    -5.48083    -5.53581  0.00544083
         765    -5.36323    -5.53558  0.00543839
         766    -5.33728    -5.53532  0.00543745
         767     -5.4483    -5.53521  0.00543154
         768    -5.39557    -5.53503  0.00542751
         769    -5.45467    -5.53492  0.00542146
         770     -5.3208    -5.53465  0.00542155
         771    -5.34101     -5.5344  0.00542033
         772    -5.29534    -5.53409  0.00542215
         773     -5.2545    -5.53372  0.00542718
         774     -5.2259    -5.53333  0.00543472
         775    -5.23928    -5.53295  0.00544094
         776    -5.32904    -5.53268  0.00544027
         777    -5.34035    -5.53244   0.0054389
         778    -5.45556    -5.53234   0.0054328
         779    -5.48485    -5.53228  0.00542617
         780    -5.38351    -5.53209  0.00542256
         781    -5.45096    -5.53198  0.00541662
         782    -5.43939    -5.53186  0.00541098
         783    -5.43259    -5.53174  0.00540556
         784    -5.49161    -5.53169  0.00539891
         785    -5.49459    -5.53164  0.00539223
         786    -5.53478    -5.53164  0.00538538
         787    -5.53377    -5.53165  0.00537853
         788    -5.47319    -5.53157  0.00537222
         789    -5.51569    -5.53155  0.00536545
         790    -5.47618    -5.53148  0.00535911
         791    -5.46583     -5.5314  0.00535298
         792    -5.42135    -5.53126  0.00534803
         793    -5.42597    -5.53113  0.00534293
         794    -5.44147    -5.53101  0.00533739
         795    -5.42815    -5.53088  0.00533225
         796    -5.47848    -5.53082  0.00532596
         797    -5.43106    -5.53069  0.00532074
         798    -5.41501    -5.53055  0.00531605
         799    -5.29925    -5.53026  0.00531727
         800     -5.4795     -5.5302  0.00531101
         801    -5.36647    -5.52999  0.00530831
         802    -5.30998    -5.52972  0.00530877
         803    -5.31068    -5.52944  0.00530916
         804    -5.31109    -5.52917   0.0053095
         805    -5.37654    -5.52898  0.00530629
         806    -5.48653    -5.52893  0.00529997
         807    -5.53283    -5.52893   0.0052934
         808     -5.5208    -5.52892  0.00528686
         809    -5.53903    -5.52894  0.00528034
         810    -5.40258    -5.52878  0.00527613
         811    -5.40185    -5.52862  0.00527194
         812    -5.46012    -5.52854  0.00526612
         813    -5.42486    -5.52841  0.00526119
         814    -5.54863    -5.52844  0.00525479
         815    -5.48636    -5.52839  0.00524859
         816    -5.44653    -5.52829  0.00524312
         817    -5.38544    -5.52811  0.00523962
         818    -5.31909    -5.52786  0.00523944
         819    -5.28495    -5.52756  0.00524143
         820    -5.37967    -5.52738  0.00523814
         821    -5.34245    -5.52715   0.0052366
         822    -5.48536     -5.5271  0.00523047
         823    -5.51802    -5.52709  0.00522413
         824     -5.4626    -5.52701  0.00521838
         825    -5.52009      -5.527  0.00521206
         826    -5.60464     -5.5271   0.0052066
         827     -5.5735    -5.52715   0.0052006
         828    -5.49583    -5.52712  0.00519446
         829    -5.47856    -5.52706  0.00518852
         830    -5.46551    -5.52698   0.0051828
         831    -5.51028    -5.52696   0.0051766
         832    -5.50428    -5.52694  0.00517045
         833    -5.50505    -5.52691  0.00516431
         834    -5.47373    -5.52685  0.00515851
         835     -5.3784    -5.52667   0.0051554
         836    -5.36276    -5.52647  0.00515296
         837    -5.45008    -5.52638  0.00514761
         838    -5.45909     -5.5263  0.00514209
         839    -5.55749    -5.52634   0.0051361
         840    -5.52424    -5.52634  0.00512999
         841    -5.60001    -5.52642  0.00512463
         842    -5.54331    -5.52644  0.00511859
         843    -5.50183    -5.52641   0.0051126
         844    -5.38766    -5.52625  0.00510918
         845    -5.42711    -5.52613  0.00510448
         846    -5.45686    -5.52605  0.00509911
         847    -5.46094    -5.52597  0.00509367
         848    -5.42791    -5.52586  0.00508897
         849     -5.4387    -5.52576  0.00508401
         850    -5.50273    -5.52573   0.0050781
         851      -5.539    -5.52574  0.00507216
         852    -5.46769    -5.52568  0.00506667
         853    -5.40714    -5.52554  0.00506263
         854    -5.37249    -5.52536  0.00505987
         855    -5.41958    -5.52523  0.00505547
         856     -5.3851    -5.52507  0.00505221
         857    -5.36043    -5.52488  0.00504997
         858    -5.37715    -5.52471  0.00504702
         859    -5.48154    -5.52466  0.00504139
         860    -5.43124    -5.52455   0.0050367
         861    -5.44875    -5.52446  0.00503162
         862    -5.42995    -5.52435  0.00502698
         863    -5.40893    -5.52422  0.00502293
         864    -5.35814    -5.52402  0.00502079
         865    -5.34437    -5.52382  0.00501928
         866    -5.36104    -5.52363  0.00501701
         867    -5.41015     -5.5235  0.00501293
         868    -5.44735    -5.52341  0.00500792
         869    -5.44255    -5.52332  0.00500302
         870     -5.4415    -5.52322  0.00499815
         871    -5.39415    -5.52307  0.00499461
         872    -5.43957    -5.52298   0.0049898
         873    -5.33835    -5.52277  0.00498856
         874     -5.5085    -5.52275  0.00498288
         875      -5.468    -5.52269  0.00497758
         876    -5.40898    -5.52256  0.00497359
         877    -5.42289    -5.52244  0.00496922
         878    -5.37797    -5.52228  0.00496628
         879     -5.2968    -5.52202  0.00496725
         880    -5.30368    -5.52178   0.0049678
         881    -5.38364    -5.52162  0.00496464
         882    -5.37913    -5.52146  0.00496163
         883    -5.42577    -5.52135   0.0049572
         884    -5.43997    -5.52126  0.00495245
         885    -5.40988    -5.52113  0.00494845
         886    -5.43692    -5.52104  0.00494378
         887    -5.36152    -5.52086  0.00494147
         888    -5.42088    -5.52074  0.00493719
         889    -5.40424    -5.52061  0.00493338
         890    -5.44482    -5.52053  0.00492857
         891    -5.32842    -5.52031  0.00492775
         892    -5.49095    -5.52028  0.00492234
         893    -5.48492    -5.52024  0.00491698
         894    -5.55242    -5.52027  0.00491161
         895     -5.4479    -5.52019  0.00490679
         896     -5.4496    -5.52012  0.00490195
         897    -5.41396       -5.52  0.00489791
         898    -5.46697    -5.51994  0.00489281
         899    -5.42713    -5.51983  0.00488846
         900    -5.52542    -5.51984  0.00488303
         901    -5.48553     -5.5198  0.00487776
         902    -5.47392    -5.51975  0.00487262
         903    -5.41963    -5.51964  0.00486848
         904     -5.4307    -5.51954  0.00486409
         905    -5.49743    -5.51952  0.00485878
         906    -5.46381    -5.51946  0.00485381
         907     -5.3599    -5.51928  0.00485164
         908    -5.44931     -5.5192  0.00484691
         909    -5.46896    -5.51915  0.00484189
         910     -5.3284    -5.51894  0.00484111
         911     -5.3996    -5.51881  0.00483756
         912    -5.44787    -5.51873  0.00483289
         913    -5.47795    -5.51869   0.0048278
         914    -5.43349    -5.51859  0.00482342
         915    -5.35139    -5.51841  0.00482161
         916    -5.37947    -5.51826  0.00481873
         917    -5.37887    -5.51811  0.00481587
         918    -5.30734    -5.51788  0.00481609
         919    -5.33041    -5.51767  0.00481517
         920    -5.41765    -5.51756  0.00481116
         921     -5.4612     -5.5175  0.00480633
         922    -5.36731    -5.51734  0.00480388
         923    -5.39235     -5.5172  0.00480058
         924    -5.39692    -5.51707  0.00479715
         925    -5.46212    -5.51701  0.00479233
         926    -5.38321    -5.51687  0.00478933
         927    -5.33557    -5.51667  0.00478816
         928    -5.34877    -5.51649  0.00478641
         929     -5.4196    -5.51639   0.0047824
         930     -5.3839    -5.51625  0.00477938
         931    -5.38049     -5.5161  0.00477647
         932    -5.27972    -5.51585  0.00477807
         933    -5.36175    -5.51568   0.0047758
         934    -5.35408    -5.51551  0.00477382
         935     -5.2937    -5.51527  0.00477461
         936    -5.43184    -5.51518  0.00477034
         937    -5.35569    -5.51501  0.00476829
         938    -5.41138     -5.5149  0.00476448
         939    -5.43045    -5.51481  0.00476026
         940    -5.42801    -5.51472  0.00475609
         941    -5.45537    -5.51466  0.00475145
         942    -5.42197    -5.51456  0.00474743
         943    -5.36704     -5.5144  0.00474497
         944    -5.36174    -5.51424   0.0047427
         945    -5.19887    -5.51391  0.00474941
         946    -5.30876    -5.51369  0.00474933
         947    -5.39842    -5.51357  0.00474588
         948    -5.37899    -5.51343    0.004743
         949    -5.38486    -5.51329  0.00473993
         950    -5.27734    -5.51304  0.00474145
         951    -5.36166    -5.51288  0.00473913
         952    -5.36742    -5.51273  0.00473662
         953    -5.41563    -5.51263  0.00473274
         954    -5.47682    -5.51259  0.00472793
         955    -5.53147    -5.51261  0.00472302
         956    -5.55342    -5.51265  0.00471827
         957    -5.53895    -5.51268  0.00471342
         958    -5.46205    -5.51263   0.0047088
         959    -5.52502    -5.51264  0.00470391
         960    -5.56935     -5.5127  0.00469938
         961    -5.52031    -5.51271  0.00469449
         962    -5.55796    -5.51275  0.00468985
         963    -5.57198    -5.51282  0.00468538
         964    -5.58112    -5.51289  0.00468106
         965    -5.57303    -5.51295  0.00467662
         966    -5.50639    -5.51294  0.00467178
         967    -5.54702    -5.51298  0.00466709
         968    -5.51724    -5.51298  0.00466227
         969    -5.56964    -5.51304  0.00465782
         970    -5.67467    -5.51321    0.004656
         971    -5.69952     -5.5134  0.00465516
         972    -5.54045    -5.51343  0.00465045
         973     -5.5161    -5.51343  0.00464567
         974    -5.48051     -5.5134  0.00464103
         975    -5.52578    -5.51341  0.00463628
         976    -5.59793     -5.5135  0.00463234
         977    -5.45156    -5.51343  0.00462803
         978    -5.52027    -5.51344  0.00462331
         979    -5.44573    -5.51337   0.0046191
         980    -5.60407    -5.51346  0.00461532
         981    -5.55512     -5.5135  0.00461081
         982    -5.58969    -5.51358  0.00460676
         983      -5.507    -5.51358  0.00460208
         984     -5.5446    -5.51361  0.00459751
         985    -5.45162    -5.51354  0.00459328
         986    -5.51385    -5.51354  0.00458862
         987    -5.56483     -5.5136  0.00458426
         988    -5.59984    -5.51368  0.00458045
         989    -5.58833    -5.51376  0.00457644
         990    -5.58497    -5.51383  0.00457239
         991    -5.56478    -5.51388  0.00456806
         992    -5.51676    -5.51389  0.00456346
         993    -5.55183    -5.51392  0.00455902
         994    -5.47605    -5.51389  0.00455459
         995    -5.47176    -5.51384  0.00455021
         996    -5.35639    -5.51368  0.00454839
         997    -5.28556    -5.51346  0.00454958
         998      -5.414    -5.51336  0.00454611
         999    -5.38873    -5.51323  0.00454327
        1000    -5.40883    -5.51313  0.00453993
        1001    -5.33361    -5.51295  0.00453894
        1002    -5.39057    -5.51283  0.00453605
        1003    -5.42067    -5.51273  0.00453246
        1004    -5.56396    -5.51279  0.00452823
        1005    -5.57644    -5.51285  0.00452417
        1006    -5.58943    -5.51292  0.00452031
        1007    -5.48677     -5.5129   0.0045159
        1008    -5.46349    -5.51285  0.00451168
        1009    -5.34557    -5.51268  0.00451025
        1010    -5.51475    -5.51269  0.00450579
        1011    -5.48022    -5.51265  0.00450145
        1012    -5.45307    -5.51259  0.00449738
        1013    -5.42541    -5.51251  0.00449377
        1014    -5.44833    -5.51245  0.00448978
        1015    -5.38402    -5.51232  0.00448714
        1016    -5.33547    -5.51214   0.0044861
        1017    -5.41519    -5.51205   0.0044827
        1018    -5.34518    -5.51189  0.00448129
        1019    -5.32472     -5.5117  0.00448066
        1020    -5.43566    -5.51163  0.00447689
        1021    -5.44147    -5.51156  0.00447303
        1022    -5.41426    -5.51146  0.00446966
        1023    -5.43869    -5.51139  0.00446586
        1024    -5.42723    -5.51131  0.00446226
        1025    -5.38308    -5.51118  0.00445966
        1026    -5.46229    -5.51114  0.00445556
        1027    -5.39689    -5.51103  0.00445261
        1028    -5.44116    -5.51096   0.0044488
        1029    -5.39401    -5.51084  0.00444593
        1030    -5.46492     -5.5108  0.00444184
        1031    -5.44334    -5.51073  0.00443801
        1032    -5.57018    -5.51079  0.00443408
        1033    -5.57159    -5.51085  0.00443018
        1034    -5.55704     -5.5109  0.00442612
        1035    -5.60865    -5.51099  0.00442285
        1036    -5.65401    -5.51113  0.00442074
        1037    -5.58397     -5.5112  0.00441703
        1038    -5.52889    -5.51122  0.00441281
        1039     -5.5835    -5.51128  0.00440911
        1040    -5.57055    -5.51134  0.00440524
        1041    -5.47585    -5.51131  0.00440114
        1042    -5.44936    -5.51125  0.00439732
        1043    -5.48848    -5.51123  0.00439316
        1044    -5.46353    -5.51118  0.00438919
        1045    -5.46511    -5.51114  0.00438521
        1046    -5.51043    -5.51114  0.00438102
        1047    -5.50225    -5.51113  0.00437684
        1048    -5.47775     -5.5111  0.00437278
        1049    -5.40782      -5.511  0.00436972
        1050    -5.34593    -5.51084  0.00436838
        1051    -5.41948    -5.51075  0.00436509
        1052    -5.37401    -5.51062  0.00436288
        1053    -5.45794    -5.51057  0.00435902
        1054    -5.50493    -5.51057  0.00435489
        1055     -5.5626    -5.51062  0.00435104
        1056    -5.49156     -5.5106  0.00434696
        1057    -5.42505    -5.51052   0.0043436
        1058    -5.44699    -5.51046  0.00433991
        1059    -5.44953     -5.5104  0.00433619
        1060    -5.48383    -5.51038  0.00433217
        1061    -5.51817    -5.51038   0.0043281
        1062    -5.54917    -5.51042  0.00432418
        1063    -5.46245    -5.51037  0.00432034
        1064    -5.46436    -5.51033   0.0043165
        1065      -5.433    -5.51026  0.00431306
        1066    -5.38672    -5.51014  0.00431057
        1067    -5.43582    -5.51007  0.00430709
        1068     -5.3807    -5.50995  0.00430476
        1069    -5.19778    -5.50966  0.00431063
        1070    -5.37332    -5.50953  0.00430848
        1071    -5.36601     -5.5094  0.00430654
        1072    -5.40083     -5.5093  0.00430372
        1073    -5.31561    -5.50912  0.00430349
        1074    -5.33291    -5.50895  0.00430261
        1075    -5.43871    -5.50889   0.0042991
        1076    -5.42302    -5.50881  0.00429585
        1077    -5.49377    -5.50879  0.00429188
        1078    -5.50788    -5.50879   0.0042879
        1079    -5.58009    -5.50886  0.00428443
        1080    -5.48529    -5.50884  0.00428052
        1081    -5.52703    -5.50885   0.0042766
        1082    -5.55487     -5.5089  0.00427286
        1083    -5.59031    -5.50897  0.00426957
        1084    -5.55685    -5.50902  0.00426586
        1085     -5.6146    -5.50911  0.00426304
        1086    -5.61132    -5.50921  0.00426015
        1087    -5.57951    -5.50927  0.00425672
        1088    -5.59477    -5.50935  0.00425354
        1089    -5.58682    -5.50942  0.00425023
        1090    -5.56519    -5.50947  0.00424663
        1091     -5.5655    -5.50952  0.00424305
        1092    -5.57902    -5.50959  0.00423964
        1093    -5.55257    -5.50963  0.00423595
        1094    -5.52197    -5.50964  0.00423209
        1095    -5.53456    -5.50966  0.00422829
        1096    -5.51912    -5.50967  0.00422444
        1097    -5.49648    -5.50966   0.0042206
        1098    -5.48023    -5.50963  0.00421685
        1099    -5.56145    -5.50968  0.00421327
        1100    -5.61129    -5.50977  0.00421045
        1101    -5.56398    -5.50982  0.00420692
        1102    -5.49587    -5.50981  0.00420312
        1103    -5.50209     -5.5098  0.00419931
        1104    -5.47204    -5.50977  0.00419565
        1105    -5.44575    -5.50971  0.00419225
        1106    -5.47545    -5.50968  0.00418858
        1107     -5.4708    -5.50964  0.00418494
        1108    -5.49366    -5.50963  0.00418119
        1109     -5.5387    -5.50965   0.0041775
        1110    -5.53145    -5.50967  0.00417378
        1111    -5.54716    -5.50971  0.00417016
        1112    -5.53478    -5.50973  0.00416647
        1113    -5.54254    -5.50976  0.00416283
        1114    -5.65456    -5.50989  0.00416113
        1115     -5.6447    -5.51001  0.00415915
        1116    -5.59746    -5.51009  0.00415616
        1117    -5.59846    -5.51017  0.00415319
        1118    -5.60754    -5.51025  0.00415039
        1119    -5.50804    -5.51025  0.00414668
        1120    -5.54453    -5.51028  0.00414309
        1121    -5.61965    -5.51038  0.00414055
        1122    -5.59605    -5.51046  0.00413756
        1123    -5.56675    -5.51051  0.00413418
        1124    -5.61843     -5.5106  0.00413162
        1125    -5.62941    -5.51071  0.00412929
        1126    -5.63025    -5.51081  0.00412699
        1127    -5.58949    -5.51088  0.00412392
        1128    -5.55512    -5.51092  0.00412045
        1129    -5.57884    -5.51098  0.00411724
        1130    -5.55986    -5.51103  0.00411382
        1131    -5.53775    -5.51105  0.00411025
        1132    -5.60422    -5.51113  0.00410745
        1133    -5.52804    -5.51115  0.00410385
        1134    -5.45647     -5.5111  0.00410051
        1135    -5.36958    -5.51097   0.0040988
        1136    -5.47403    -5.51094  0.00409532
        1137    -5.56368    -5.51099  0.00409198
        1138    -5.52369      -5.511   0.0040884
        1139    -5.49864    -5.51099  0.00408482
        1140    -5.46604    -5.51095  0.00408143
        1141    -5.42659    -5.51088  0.00407852
        1142    -5.44165    -5.51082   0.0040754
        1143    -5.48975     -5.5108  0.00407188
        1144    -5.59028    -5.51087  0.00406891
        1145    -5.48672    -5.51085  0.00406541
        1146    -5.46774    -5.51081  0.00406204
        1147    -5.46455    -5.51077   0.0040587
        1148    -5.49888    -5.51076  0.00405517
        1149    -5.48354    -5.51073  0.00405171
        1150    -5.51182    -5.51073  0.00404819
        1151    -5.51876    -5.51074  0.00404468
        1152    -5.42181    -5.51066  0.00404191
        1153     -5.3638    -5.51054  0.00404041
        1154    -5.45676    -5.51049  0.00403717
        1155    -5.41493    -5.51041  0.00403453
        1156     -5.5019     -5.5104  0.00403104
        1157    -5.45692    -5.51035  0.00402782
        1158    -5.47643    -5.51032  0.00402445
        1159    -5.51668    -5.51033  0.00402098
        1160    -5.49543    -5.51032  0.00401754
        1161    -5.45025    -5.51027  0.00401441
        1162    -5.40504    -5.51017  0.00401198
        1163    -5.41268    -5.51009   0.0040094
        1164     -5.4328    -5.51002  0.00400651
        1165    -5.46582    -5.50999  0.00400325
        1166    -5.51928    -5.50999  0.00399982
        1167    -5.51415       -5.51   0.0039964
        1168    -5.51859    -5.51001  0.00399298
        1169    -5.44663    -5.50995  0.00398993
        1170    -5.46815    -5.50992  0.00398668
        1171    -5.51359    -5.50992  0.00398328
        1172    -5.44235    -5.50986   0.0039803
        1173    -5.47404    -5.50983  0.00397702
        1174    -5.47318     -5.5098  0.00397376
        1175    -5.53153    -5.50982  0.00397042
        1176    -5.61231     -5.5099    0.003968
        1177    -5.53705    -5.50993   0.0039647
        1178    -5.49659    -5.50992  0.00396135
        1179     -5.4557    -5.50987  0.00395825
        1180    -5.51823    -5.50988   0.0039549
        1181    -5.59072    -5.50995  0.00395215
        1182    -5.46243    -5.50991  0.00394901
        1183    -5.45131    -5.50986  0.00394598
        1184    -5.46721    -5.50982  0.00394281
        1185    -5.50848    -5.50982  0.00393949
        1186    -5.45321    -5.50977  0.00393645
        1187    -5.52654    -5.50979  0.00393316
        1188    -5.60099    -5.50986   0.0039306
        1189    -5.61783    -5.50995  0.00392834
        1190    -5.57928    -5.51001  0.00392548
        1191    -5.55122    -5.51005  0.00392233
        1192    -5.49955    -5.51004  0.00391905
        1193    -5.49754    -5.51003  0.00391578
        1194    -5.48409       -5.51  0.00391256
        1195    -5.49154    -5.50999  0.00390932
        1196    -5.35029    -5.50986  0.00390833
        1197    -5.42238    -5.50978  0.00390575
        1198    -5.42598    -5.50971  0.00390311
        1199    -5.45744    -5.50967   0.0039001
        1200    -5.58027    -5.50973  0.00389729
