#     BLOCK:  ACTUAL_PE:     PE_AVE:      ERROR:
           1   -0.249296   -0.249296           0
           2   -0.300411   -0.274853   0.0180718
           3   -0.362548   -0.304085   0.0267357
           4   -0.417399   -0.332413   0.0316852
           5   -0.354282   -0.336787   0.0256483
           6   -0.367677   -0.341935   0.0218842
           7   -0.313029   -0.337806   0.0191435
           8    -0.40574   -0.346298   0.0185386
           9   -0.373846   -0.349359   0.0167295
          10   -0.363373    -0.35076   0.0151151
          11   -0.352295     -0.3509   0.0137417
          12   -0.427496   -0.357283   0.0140007
          13   -0.397849   -0.360403    0.013267
          14   -0.421797   -0.364788   0.0130239
          15   -0.461056   -0.371206   0.0136456
          16    -0.37183   -0.371245   0.0127928
          17   -0.406766   -0.373335   0.0122097
          18   -0.384562   -0.373958   0.0115473
          19   -0.386994   -0.374645   0.0109599
          20    -0.43924   -0.377874   0.0108774
          21   -0.466426   -0.382091   0.0111469
          22   -0.431799   -0.384351   0.0108668
          23   -0.414435   -0.385659   0.0104727
          24   -0.494834   -0.390207     0.01098
          25   -0.499226   -0.394568   0.0113738
          26   -0.414013   -0.395316   0.0109609
          27   -0.386601   -0.394993   0.0105597
          28   -0.319111   -0.392283   0.0105246
          29   -0.400918   -0.392581   0.0101659
          30   -0.369463    -0.39181  0.00985617
          31   -0.395281   -0.391922  0.00953887
          32   -0.395012   -0.392019  0.00924127
          33   -0.381032   -0.391686  0.00896722
          34   -0.435269   -0.392968  0.00879462
          35   -0.444207   -0.394432  0.00866434
          36   -0.350746   -0.393218  0.00850822
          37   -0.412567   -0.393741  0.00829432
          38    -0.44108   -0.394987  0.00816907
          39   -0.379408   -0.394588  0.00796936
          40   -0.446691    -0.39589  0.00787586
          41   -0.462664   -0.397519  0.00785036
          42   -0.438822   -0.398502  0.00772479
          43    -0.44153   -0.399503  0.00760968
          44   -0.444432   -0.400524  0.00750493
          45   -0.451872   -0.401665  0.00742439
          46   -0.407654   -0.401795  0.00726413
          47   -0.443244   -0.402677  0.00716291
          48   -0.465058   -0.403977   0.0071306
          49   -0.466661   -0.405256  0.00709891
          50   -0.448207   -0.406115  0.00700871
          51   -0.438277   -0.406746   0.0068996
          52   -0.383981   -0.406308  0.00678079
          53   -0.456321   -0.407251  0.00671819
          54   -0.433114    -0.40773  0.00661083
          55   -0.366271   -0.406977  0.00653347
          56   -0.332053   -0.405639  0.00655236
          57   -0.361034   -0.404856  0.00648396
          58   -0.419258   -0.405104  0.00637692
          59   -0.332281    -0.40387  0.00638718
          60   -0.391328   -0.403661  0.00628414
          61   -0.409153   -0.403751  0.00618177
          62      -0.361   -0.403062   0.0061204
          63   -0.326994   -0.401854  0.00614119
          64   -0.401695   -0.401852  0.00604524
          65   -0.452228   -0.402627  0.00600171
          66   -0.454621   -0.403415  0.00596225
          67   -0.422041   -0.403693  0.00587974
          68   -0.394887   -0.403563   0.0057947
          69   -0.368991   -0.403062  0.00573234
          70   -0.427141   -0.403406  0.00566076
          71   -0.424486   -0.403703  0.00558881
          72    -0.41445   -0.403852  0.00551318
          73   -0.302197    -0.40246  0.00561077
          74   -0.336627    -0.40157  0.00560503
          75   -0.384124   -0.401337  0.00553512
          76   -0.299589   -0.399999  0.00562187
          77    -0.40835   -0.400107   0.0055499
          78   -0.384936   -0.399913  0.00548216
          79   -0.428573   -0.400275  0.00542476
          80   -0.397627   -0.400242  0.00535705
          81   -0.419954   -0.400486  0.00529643
          82   -0.415965   -0.400674  0.00523521
          83   -0.378347   -0.400405  0.00517904
          84   -0.422722   -0.400671  0.00512419
          85   -0.337121   -0.399923  0.00511816
          86   -0.395018   -0.399866  0.00505897
          87   -0.389037   -0.399742  0.00500235
          88   -0.408325   -0.399839  0.00494645
          89   -0.452444    -0.40043  0.00492606
          90    -0.52597   -0.401825  0.00506497
          91   -0.609238   -0.404105  0.00549828
          92   -0.583858   -0.406058  0.00577525
          93   -0.559663    -0.40771  0.00594464
          94   -0.523103   -0.408938  0.00600681
          95   -0.425345    -0.40911  0.00594606
          96   -0.410742   -0.409127  0.00588415
          97   -0.403232   -0.409067   0.0058238
          98   -0.379259   -0.408762  0.00577231
          99   -0.427602   -0.408953  0.00571714
         100   -0.462569   -0.409489  0.00568505
         101    -0.45689   -0.409958  0.00564811
         102   -0.412604   -0.409984  0.00559279
         103    -0.43796   -0.410256  0.00554508
         104   -0.413514   -0.410287  0.00549185
         105   -0.431448   -0.410489  0.00544325
         106   -0.411092   -0.410494   0.0053919
         107   -0.397364   -0.410372   0.0053429
         108   -0.372619   -0.410022  0.00530485
         109   -0.437087    -0.41027  0.00526199
         110   -0.436618    -0.41051  0.00521961
         111   -0.442434   -0.410797   0.0051805
         112   -0.412346   -0.410811  0.00513426
         113   -0.404041   -0.410751  0.00508918
         114   -0.470516   -0.411276  0.00507147
         115   -0.438304   -0.411511  0.00503281
         116   -0.488003    -0.41217  0.00503244
         117   -0.485537   -0.412797  0.00502834
         118   -0.422051   -0.412876  0.00498634
         119   -0.388056   -0.412667   0.0049488
         120   -0.370688   -0.412317  0.00491991
         121   -0.416795   -0.412354  0.00487939
         122   -0.389526   -0.412167  0.00484298
         123   -0.435877    -0.41236  0.00480744
         124   -0.468257   -0.412811  0.00478976
         125   -0.408707   -0.412778  0.00475155
         126   -0.385113   -0.412558  0.00471891
         127   -0.406153   -0.412508  0.00468202
         128   -0.439283   -0.412717  0.00465011
         129   -0.453812   -0.413036  0.00462497
         130   -0.502849   -0.413726   0.0046407
         131   -0.425637   -0.413817  0.00460617
         132   -0.354687   -0.413369    0.004593
         133   -0.350797   -0.412899   0.0045825
         134   -0.351521   -0.412441  0.00457114
         135   -0.412319    -0.41244  0.00453728
         136   -0.390885   -0.412281  0.00450668
         137   -0.377393   -0.412027  0.00448098
         138   -0.380583   -0.411799   0.0044543
         139   -0.432359   -0.411947  0.00442471
         140   -0.328968   -0.411354  0.00443262
         141   -0.330804   -0.410783  0.00443784
         142   -0.439476   -0.410985  0.00441119
         143   -0.380147   -0.410769  0.00438561
         144   -0.467427   -0.411163  0.00437277
         145   -0.488696   -0.411697  0.00437518
         146   -0.438342    -0.41188  0.00434902
         147   -0.439846    -0.41207  0.00432359
         148   -0.412229   -0.412071  0.00429438
         149   -0.312363   -0.411402  0.00431738
         150   -0.324028    -0.41082  0.00432772
         151   -0.366345   -0.410525  0.00430907
         152   -0.371226   -0.410267  0.00428847
         153   -0.351721   -0.409884  0.00427748
         154   -0.378017   -0.409677   0.0042547
         155   -0.423063   -0.409763  0.00422813
         156   -0.377249   -0.409555  0.00420616
         157   -0.383861   -0.409391  0.00418255
         158   -0.445463    -0.40962  0.00416231
         159    -0.40315   -0.409579  0.00413633
         160    -0.39442   -0.409484  0.00411156
         161   -0.390853   -0.409368  0.00408765
         162    -0.35832   -0.409053  0.00407455
         163   -0.371733   -0.408824  0.00405598
         164   -0.368561   -0.408579  0.00403867
         165   -0.406822   -0.408568  0.00401421
         166   -0.384816   -0.408425  0.00399257
         167   -0.365343   -0.408167  0.00397699
         168   -0.454614   -0.408444  0.00396292
         169   -0.412568   -0.408468  0.00393954
         170   -0.499335   -0.409002  0.00395246
         171   -0.448377   -0.409233  0.00393605
         172   -0.360161   -0.408947  0.00392349
         173   -0.334283   -0.408516  0.00392448
         174   -0.402934   -0.408484  0.00390206
         175   -0.379981   -0.408321  0.00388316
         176    -0.35996   -0.408046   0.0038708
         177   -0.390864   -0.407949  0.00385015
         178   -0.442842   -0.408145  0.00383351
         179   -0.333711   -0.407729  0.00383458
         180    -0.36244   -0.407478  0.00382152
         181   -0.368071    -0.40726  0.00380661
         182   -0.328766   -0.406829  0.00381004
         183   -0.370483    -0.40663   0.0037944
         184   -0.363985   -0.406398  0.00378085
         185   -0.435078   -0.406553  0.00376359
         186   -0.427989   -0.406669  0.00374512
         187   -0.452196   -0.406912  0.00373299
         188   -0.539757   -0.407619  0.00377942
         189   -0.472163    -0.40796  0.00377483
         190   -0.406348   -0.407952  0.00375497
         191   -0.398586   -0.407903  0.00373563
         192   -0.440884   -0.408074  0.00372012
         193   -0.451833   -0.408301  0.00370775
         194   -0.407373   -0.408296  0.00368864
         195   -0.370989   -0.408105  0.00367468
         196   -0.364658   -0.407883  0.00366261
         197   -0.421601   -0.407953  0.00364468
         198   -0.487942   -0.408357  0.00364859
         199   -0.492576    -0.40878  0.00365472
         200   -0.458841    -0.40903  0.00364501
         201   -0.449036   -0.409229  0.00363231
         202   -0.461233   -0.409487  0.00362344
         203   -0.438379   -0.409629  0.00360838
         204   -0.439865   -0.409777  0.00359373
         205   -0.407659   -0.409767  0.00357622
         206   -0.417032   -0.409802  0.00355903
         207   -0.417081   -0.409838  0.00354201
         208   -0.432871   -0.409948  0.00352671
         209   -0.475373   -0.410261  0.00352371
         210   -0.439994   -0.410403  0.00350977
         211   -0.453662   -0.410608  0.00349912
         212    -0.42528   -0.410677   0.0034833
         213   -0.463791   -0.410927  0.00347586
         214   -0.441633    -0.41107  0.00346258
         215   -0.449337   -0.411248  0.00345104
         216   -0.493139   -0.411627  0.00345583
         217   -0.477281    -0.41193  0.00345312
         218   -0.442568    -0.41207  0.00344014
         219   -0.455651   -0.412269  0.00343018
         220   -0.476993   -0.412563  0.00342718
         221   -0.425713   -0.412623  0.00341219
         222   -0.431717   -0.412709  0.00339791
         223   -0.467363   -0.412954   0.0033915
         224   -0.380798    -0.41281  0.00337939
         225   -0.410745   -0.412801  0.00336439
         226   -0.365575   -0.412592  0.00335598
         227   -0.459873   -0.412801  0.00334766
         228   -0.459758   -0.413007   0.0033393
         229   -0.459964   -0.413212  0.00333101
         230   -0.399216   -0.413151  0.00331708
         231   -0.423065   -0.413194    0.003303
         232   -0.405582   -0.413161  0.00328893
         233   -0.367313   -0.412964  0.00328069
         234   -0.448243   -0.413115  0.00327013
         235   -0.440122    -0.41323  0.00325824
         236   -0.442898   -0.413355  0.00324686
         237   -0.479952   -0.413636  0.00324529
         238   -0.485257   -0.413937  0.00324558
         239   -0.481266   -0.414219   0.0032442
         240   -0.427328   -0.414274  0.00323114
         241   -0.384428    -0.41415  0.00322011
         242   -0.384474   -0.414027  0.00320914
         243   -0.429293    -0.41409  0.00319655
         244   -0.446441   -0.414223  0.00318619
         245   -0.362701   -0.414012  0.00318012
         246   -0.396666   -0.413942  0.00316798
         247   -0.419177   -0.413963  0.00315522
         248   -0.420877   -0.413991  0.00314262
         249   -0.344807   -0.413713  0.00314226
         250   -0.434386   -0.413796  0.00313078
         251   -0.390909   -0.413705  0.00311963
         252   -0.337559   -0.413402  0.00312185
         253   -0.360313   -0.413193  0.00311656
         254   -0.440637   -0.413301  0.00310616
         255   -0.379032   -0.413166  0.00309688
         256   -0.394616   -0.413094  0.00308563
         257   -0.444924   -0.413218  0.00307611
         258   -0.449501   -0.413358   0.0030674
         259    -0.45622   -0.413524  0.00306002
         260   -0.432285   -0.413596   0.0030491
         261   -0.391132    -0.41351  0.00303863
         262   -0.481599    -0.41377  0.00303813
         263   -0.417249   -0.413783  0.00302661
         264   -0.435762   -0.413866  0.00301629
         265   -0.416924   -0.413878  0.00300493
         266   -0.471691   -0.414095  0.00300148
         267   -0.467606   -0.414296  0.00299692
         268   -0.375431   -0.414151  0.00298925
         269   -0.403133    -0.41411  0.00297841
         270    -0.40834   -0.414088  0.00296746
         271   -0.376737    -0.41395  0.00295971
         272   -0.401553   -0.413905  0.00294918
         273   -0.420715    -0.41393  0.00293848
         274   -0.406395   -0.413902  0.00292788
         275    -0.50398    -0.41423   0.0029355
         276   -0.460599   -0.414398  0.00292967
         277   -0.395303   -0.414329  0.00291991
         278   -0.448859   -0.414453  0.00291204
         279   -0.482883   -0.414698  0.00291192
         280   -0.469608   -0.414894  0.00290811
         281    -0.43625    -0.41497  0.00289876
         282   -0.380081   -0.414847  0.00289112
         283   -0.318075   -0.414505  0.00290105
         284   -0.387868   -0.414411  0.00289235
         285    -0.38956   -0.414324  0.00288352
         286   -0.427657    -0.41437  0.00287381
         287   -0.377231   -0.414241  0.00286671
         288   -0.385192    -0.41414  0.00285853
         289   -0.377303   -0.414013  0.00285148
         290   -0.371444   -0.413866  0.00284542
         291   -0.424058   -0.413901  0.00283586
         292   -0.414041   -0.413901  0.00282615
         293   -0.494404   -0.414176  0.00282983
         294   -0.504879   -0.414485  0.00283697
         295   -0.428583   -0.414532  0.00282776
         296   -0.484655   -0.414769  0.00282811
         297   -0.443787   -0.414867  0.00282027
         298   -0.425861   -0.414904  0.00281105
         299   -0.441238   -0.414992  0.00280303
         300   -0.481492   -0.415214  0.00280244
         301   -0.460105   -0.415363  0.00279709
         302   -0.336187   -0.415101  0.00280009
         303   -0.359753   -0.414918   0.0027968
         304   -0.322137   -0.414613   0.0028042
         305    -0.47584   -0.414814  0.00280218
         306   -0.453522    -0.41494  0.00279588
         307   -0.479083   -0.415149  0.00279457
         308   -0.415694   -0.415151   0.0027855
         309   -0.355963   -0.414959  0.00278306
         310    -0.36626   -0.414802  0.00277851
         311   -0.327592   -0.414522  0.00278369
         312   -0.343141   -0.414293  0.00278416
         313    -0.43604   -0.414362  0.00277613
         314   -0.388934   -0.414281  0.00276847
         315    -0.37305    -0.41415  0.00276277
         316   -0.428964   -0.414197  0.00275443
         317   -0.469783   -0.414373  0.00275131
         318   -0.450589   -0.414487  0.00274502
         319    -0.38824   -0.414404  0.00273765
         320   -0.354982   -0.414219  0.00273538
         321   -0.421667   -0.414242  0.00272696
         322   -0.474934    -0.41443    0.002725
         323    -0.42337   -0.414458   0.0027167
         324   -0.342323   -0.414235  0.00271742
         325   -0.340935    -0.41401   0.0027184
         326   -0.394008   -0.413948  0.00271076
         327   -0.434315   -0.414011  0.00270318
         328   -0.346899   -0.413806  0.00270267
         329   -0.410683   -0.413797  0.00269448
         330   -0.441774   -0.413881  0.00268764
         331   -0.433877   -0.413942   0.0026802
         332   -0.365124   -0.413795  0.00267616
         333   -0.399579   -0.413752  0.00266847
         334   -0.338909   -0.413528  0.00266987
         335   -0.379919   -0.413428  0.00266378
         336   -0.392211   -0.413365   0.0026566
         337   -0.467829   -0.413526  0.00265363
         338   -0.493409   -0.413762  0.00265628
         339   -0.443957   -0.413852  0.00264994
         340   -0.362193     -0.4137   0.0026465
         341   -0.377762   -0.413594  0.00264084
         342    -0.32271   -0.413328  0.00264645
         343   -0.337225   -0.413107  0.00264802
         344   -0.366985   -0.412973  0.00264371
         345   -0.380334   -0.412878  0.00263774
         346   -0.500319   -0.413131   0.0026422
         347   -0.500607   -0.413383  0.00264658
         348    -0.50296    -0.41364  0.00265147
         349   -0.471091   -0.413805  0.00264897
         350   -0.352558    -0.41363  0.00264718
         351    -0.26044   -0.413193  0.00267537
         352   -0.365089   -0.413057  0.00267126
         353   -0.375745   -0.412951  0.00266578
         354   -0.375312   -0.412845  0.00266037
         355   -0.355695   -0.412684  0.00265775
         356   -0.380134   -0.412592  0.00265185
         357   -0.403548   -0.412567  0.00264454
         358   -0.409176   -0.412557  0.00263717
         359   -0.399914   -0.412522  0.00263006
         360   -0.360344   -0.412377  0.00262675
         361   -0.415985   -0.412387  0.00261949
         362   -0.372861   -0.412278  0.00261453
         363   -0.425949   -0.412316   0.0026076
         364   -0.401252   -0.412285  0.00260061
         365   -0.384447   -0.412209  0.00259461
         366   -0.396354   -0.412166  0.00258788
         367   -0.393047   -0.412114  0.00258135
         368   -0.411632   -0.412112  0.00257434
         369   -0.472586   -0.412276  0.00257257
         370   -0.500704   -0.412515   0.0025767
         371   -0.483535   -0.412707  0.00257685
         372    -0.40926   -0.412697  0.00256994
         373   -0.414381   -0.412702  0.00256306
         374   -0.407936   -0.412689  0.00255623
         375   -0.405254   -0.412669  0.00254949
         376   -0.355349   -0.412517  0.00254727
         377   -0.324515   -0.412283  0.00255118
         378    -0.35979   -0.412145  0.00254821
         379   -0.370512   -0.412035  0.00254385
         380   -0.395868   -0.411992  0.00253752
         381   -0.342096   -0.411809  0.00253748
         382   -0.395167   -0.411765  0.00253121
         383   -0.402881   -0.411742  0.00252471
         384   -0.422525    -0.41177  0.00251829
         385   -0.440603   -0.411845  0.00251286
         386   -0.320842   -0.411609  0.00251739
         387    -0.39276    -0.41156  0.00251135
         388   -0.421176   -0.411585    0.002505
         389   -0.377914   -0.411499  0.00250006
         390   -0.376507   -0.411409  0.00249526
         391    -0.46873   -0.411556  0.00249318
         392   -0.383007   -0.411483  0.00248788
         393   -0.444175   -0.411566  0.00248294
         394    -0.37184   -0.411465  0.00247869
         395   -0.325135   -0.411247  0.00248203
         396   -0.325861   -0.411031  0.00248511
         397   -0.342725   -0.410859   0.0024848
         398   -0.397514   -0.410825  0.00247878
         399   -0.392478   -0.410779  0.00247299
         400   -0.354468   -0.410639  0.00247081
         401   -0.383609   -0.410571  0.00246557
         402   -0.390448   -0.410521  0.00245995
         403   -0.355014   -0.410383   0.0024577
         404   -0.344378    -0.41022  0.00245704
         405   -0.355617   -0.410085  0.00245467
         406   -0.362991   -0.409969  0.00245136
         407   -0.438241   -0.410039  0.00244632
         408   -0.352955   -0.409899  0.00244432
         409   -0.318604   -0.409676  0.00244852
         410   -0.349288   -0.409528  0.00244697
         411   -0.377706   -0.409451  0.00244224
         412   -0.373126   -0.409363  0.00243791
         413   -0.401479   -0.409344  0.00243208
         414   -0.416789   -0.409362  0.00242627
         415   -0.356221   -0.409233   0.0024238
         416   -0.383748   -0.409172  0.00241875
         417   -0.385275   -0.409115  0.00241363
         418   -0.412967   -0.409124  0.00240787
         419   -0.419247   -0.409148  0.00240224
         420   -0.405382   -0.409139  0.00239654
         421   -0.409402    -0.40914  0.00239085
         422   -0.491894   -0.409336  0.00239321
         423   -0.492619   -0.409533  0.00239564
         424   -0.509562   -0.409769  0.00240158
         425   -0.420534   -0.409794  0.00239606
         426    -0.45724   -0.409906  0.00239302
         427   -0.490184   -0.410094  0.00239479
         428   -0.515348   -0.410339  0.00240179
         429   -0.439474   -0.410407  0.00239715
         430   -0.444095   -0.410486  0.00239286
         431   -0.405003   -0.410473  0.00238734
         432   -0.396328    -0.41044  0.00238204
         433   -0.386332   -0.410385  0.00237719
         434    -0.38135   -0.410318  0.00237265
         435   -0.393778    -0.41028   0.0023675
         436   -0.436016   -0.410339  0.00236281
         437   -0.388532   -0.410289  0.00235793
         438   -0.435153   -0.410346  0.00235323
         439   -0.387108   -0.410293  0.00234846
         440   -0.455136   -0.410395  0.00234533
         441    -0.42713   -0.410433  0.00234032
         442   -0.445565   -0.410512  0.00233638
         443   -0.452003   -0.410606  0.00233298
         444   -0.434602    -0.41066  0.00232835
         445   -0.452652   -0.410754  0.00232503
         446   -0.456432   -0.410856  0.00232207
         447   -0.433782   -0.410908  0.00231744
         448   -0.483167   -0.411069  0.00231788
         449   -0.432024   -0.411116  0.00231318
         450   -0.383439   -0.411054  0.00230886
         451   -0.442211   -0.411123  0.00230477
         452   -0.415616   -0.411133   0.0022997
         453   -0.416483   -0.411145  0.00229465
         454   -0.373557   -0.411062  0.00229109
         455    -0.40424   -0.411047   0.0022861
         456    -0.47219   -0.411181  0.00228502
         457   -0.398705   -0.411154  0.00228018
         458   -0.431001   -0.411197  0.00227562
         459   -0.440687   -0.411262  0.00227156
         460   -0.357262   -0.411144  0.00226966
         461    -0.40965   -0.411141  0.00226474
         462   -0.380474   -0.411075  0.00226081
         463   -0.386986   -0.411023  0.00225652
         464   -0.379548   -0.410955  0.00225268
         465   -0.397542   -0.410926  0.00224802
         466   -0.416696   -0.410938  0.00224323
         467   -0.454859   -0.411032   0.0022404
         468   -0.490603   -0.411202  0.00224205
         469   -0.482347   -0.411354   0.0022424
         470   -0.402053   -0.411334  0.00223771
         471   -0.390777   -0.411291  0.00223339
         472   -0.328257   -0.411115  0.00223557
         473   -0.360637   -0.411008  0.00223339
         474    -0.33283   -0.410843  0.00223476
         475   -0.392569   -0.410805  0.00223039
         476   -0.421538   -0.410827  0.00222582
         477   -0.461188   -0.410933  0.00222365
         478   -0.409959   -0.410931    0.002219
         479   -0.420581   -0.410951  0.00221446
         480   -0.373353   -0.410873  0.00221123
         481    -0.39307   -0.410836  0.00220695
         482   -0.444369   -0.410905  0.00220346
         483   -0.441068   -0.410968  0.00219979
         484   -0.443029   -0.411034  0.00219624
         485   -0.502823   -0.411223  0.00219985
         486   -0.463688   -0.411331  0.00219797
         487   -0.437177   -0.411384   0.0021941
         488   -0.444664   -0.411452  0.00219066
         489   -0.401617   -0.411432  0.00218627
         490   -0.436727   -0.411484  0.00218242
         491   -0.425815   -0.411513  0.00217817
         492   -0.392977   -0.411475  0.00217407
         493    -0.38238   -0.411416  0.00217046
         494   -0.398614    -0.41139  0.00216622
         495   -0.391543    -0.41135  0.00216222
         496   -0.346788    -0.41122  0.00216177
         497   -0.380585   -0.411158   0.0021583
         498    -0.35469   -0.411045  0.00215694
         499   -0.440156   -0.411103  0.00215341
         500   -0.419009   -0.411119  0.00214916
         501   -0.407272   -0.411112  0.00214488
         502   -0.404645   -0.411099  0.00214065
         503   -0.346247    -0.41097  0.00214027
         504   -0.392802   -0.410934  0.00213633
         505   -0.399988   -0.410912  0.00213221
         506   -0.392227   -0.410875  0.00212832
         507    -0.37337   -0.410801   0.0021254
         508   -0.442481   -0.410863  0.00212213
         509   -0.463463   -0.410967  0.00212048
         510    -0.39073   -0.410927  0.00211669
         511   -0.453136    -0.41101  0.00211416
         512   -0.418471   -0.411024  0.00211008
         513   -0.458438   -0.411117  0.00210799
         514   -0.436745   -0.411167  0.00210448
         515   -0.436624   -0.411216  0.00210098
         516   -0.437706   -0.411267  0.00209753
         517   -0.418225   -0.411281  0.00209352
         518   -0.491168   -0.411435  0.00209515
         519   -0.432656   -0.411476  0.00209151
         520   -0.505739   -0.411657  0.00209533
         521   -0.527034   -0.411879  0.00210298
         522   -0.476026   -0.412002  0.00210254
         523   -0.377334   -0.411935  0.00209956
         524   -0.400107   -0.411913  0.00209567
         525   -0.368172   -0.411829  0.00209334
         526   -0.404331   -0.411815  0.00208941
         527   -0.413979   -0.411819  0.00208545
         528   -0.361704   -0.411724  0.00208366
         529   -0.390056   -0.411683  0.00208012
         530   -0.458478   -0.411772  0.00207807
         531   -0.429044   -0.411804  0.00207441
         532   -0.462172   -0.411899  0.00207267
         533   -0.347504   -0.411778   0.0020723
         534   -0.383526   -0.411725  0.00206909
         535   -0.437639   -0.411774  0.00206579
         536   -0.395276   -0.411743  0.00206217
         537   -0.470375   -0.411852  0.00206122
         538   -0.488463   -0.411994   0.0020623
         539   -0.423088   -0.412015  0.00205857
         540   -0.449255   -0.412084  0.00205592
         541   -0.427791   -0.412113  0.00205232
         542   -0.519524   -0.412311  0.00205808
         543   -0.443663   -0.412369   0.0020551
         544   -0.433314   -0.412407  0.00205168
         545   -0.433951   -0.412447   0.0020483
         546   -0.374571   -0.412377  0.00204572
         547   -0.409382   -0.412372  0.00204199
         548   -0.405878    -0.41236   0.0020383
         549   -0.415847   -0.412367   0.0020346
         550   -0.411831   -0.412366   0.0020309
         551   -0.391381   -0.412327  0.00202757
         552   -0.436164   -0.412371  0.00202435
         553   -0.436961   -0.412415  0.00202118
         554   -0.496703   -0.412567  0.00202325
         555   -0.427297   -0.412594  0.00201978
         556   -0.447184   -0.412656  0.00201711
         557   -0.475196   -0.412768  0.00201661
         558   -0.396796    -0.41274   0.0020132
         559   -0.353456   -0.412634  0.00201239
         560   -0.363017   -0.412545  0.00201074
         561   -0.353062   -0.412439  0.00200995
         562   -0.422056   -0.412456  0.00200645
         563   -0.432349   -0.412491  0.00200319
         564   -0.449866   -0.412558  0.00200074
         565   -0.395871   -0.412528  0.00199742
         566   -0.369691   -0.412452  0.00199532
         567   -0.386102   -0.412406  0.00199234
         568   -0.400792   -0.412386  0.00198894
         569   -0.430268   -0.412417  0.00198569
         570   -0.422242   -0.412434  0.00198228
         571   -0.483669   -0.412559  0.00198273
         572   -0.475562   -0.412669  0.00198232
         573    -0.44715   -0.412729  0.00197978
         574   -0.390898   -0.412691  0.00197669
         575   -0.380295   -0.412635  0.00197406
         576   -0.423418   -0.412654  0.00197072
         577   -0.429998   -0.412684  0.00196753
         578   -0.424302   -0.412704  0.00196423
         579   -0.387822   -0.412661  0.00196131
         580   -0.345591   -0.412545  0.00196134
         581   -0.411797   -0.412544  0.00195796
         582   -0.396877   -0.412517  0.00195478
         583   -0.378767   -0.412459  0.00195228
         584    -0.39116   -0.412423  0.00194928
         585   -0.450991   -0.412489  0.00194706
         586   -0.408943   -0.412482  0.00194375
         587   -0.343802   -0.412365  0.00194396
         588   -0.413928   -0.412368  0.00194065
         589    -0.40277   -0.412352  0.00193743
         590   -0.437366   -0.412394  0.00193461
         591   -0.423896   -0.412414  0.00193143
         592   -0.423621   -0.412433  0.00192826
         593   -0.489008   -0.412562  0.00192933
         594   -0.401512   -0.412543  0.00192617
         595   -0.430653   -0.412574  0.00192317
         596   -0.356445   -0.412479  0.00192225
         597   -0.402949   -0.412463   0.0019191
         598   -0.425311   -0.412485  0.00191601
         599   -0.415349    -0.41249  0.00191282
         600   -0.405225   -0.412478  0.00190967
         601   -0.374055   -0.412414  0.00190756
         602   -0.379274   -0.412359  0.00190519
         603   -0.387343   -0.412317  0.00190248
         604   -0.406077   -0.412307  0.00189936
         605   -0.413137   -0.412308  0.00189622
         606   -0.462704   -0.412391  0.00189491
         607   -0.427422   -0.412416  0.00189195
         608   -0.517276   -0.412589  0.00189668
         609   -0.514959   -0.412757    0.001901
         610   -0.495254   -0.412892  0.00190269
         611   -0.541472   -0.413102  0.00191118
         612   -0.454333    -0.41317  0.00190924
         613   -0.375705   -0.413109  0.00190711
         614   -0.366787   -0.413033  0.00190549
         615   -0.407498   -0.413024  0.00190242
         616   -0.485601   -0.413142  0.00190297
         617   -0.513482   -0.413305  0.00190682
         618   -0.330516   -0.413171  0.00190844
         619    -0.45022   -0.413231  0.00190629
         620   -0.453556   -0.413296  0.00190433
         621   -0.482782   -0.413407  0.00190455
         622   -0.450594   -0.413467  0.00190242
         623   -0.432687   -0.413498  0.00189962
         624   -0.465045   -0.413581  0.00189837
         625   -0.391253   -0.413545  0.00189567
         626     -0.4351   -0.413579  0.00189295
         627   -0.428798   -0.413604  0.00189009
         628   -0.381336   -0.413552  0.00188778
         629   -0.366957   -0.413478  0.00188623
         630   -0.333584   -0.413351  0.00188749
         631   -0.334261   -0.413226  0.00188866
         632   -0.404624   -0.413212  0.00188572
         633    -0.41495   -0.413215  0.00188274
         634   -0.386998   -0.413174  0.00188023
         635   -0.369927   -0.413106   0.0018785
         636   -0.299316   -0.412927  0.00188405
         637   -0.412599   -0.412926  0.00188109
         638    -0.45239   -0.412988  0.00187916
         639   -0.449946   -0.413046  0.00187711
         640   -0.395173   -0.413018  0.00187438
         641   -0.405469   -0.413006  0.00187149
         642   -0.412368   -0.413005  0.00186858
         643   -0.420738   -0.413017  0.00186571
         644   -0.377464   -0.412962  0.00186363
         645   -0.405393    -0.41295  0.00186078
         646   -0.438773    -0.41299  0.00185833
         647   -0.427954   -0.413013   0.0018556
         648   -0.456143    -0.41308  0.00185393
         649   -0.388899   -0.413043  0.00185145
         650   -0.393751   -0.413013  0.00184884
         651   -0.401845   -0.412996  0.00184608
         652   -0.359821   -0.412914  0.00184505
         653   -0.370121   -0.412849  0.00184338
         654   -0.340223   -0.412738  0.00184391
         655   -0.380191   -0.412688  0.00184176
         656   -0.433715    -0.41272  0.00183923
         657   -0.422534   -0.412735  0.00183649
         658   -0.433087   -0.412766  0.00183396
         659   -0.429403   -0.412791  0.00183135
         660   -0.357227   -0.412707  0.00183051
         661   -0.365789   -0.412636  0.00182912
         662    -0.35656   -0.412551  0.00182832
         663     -0.3696   -0.412487  0.00182671
         664   -0.412323   -0.412486  0.00182396
         665    -0.45214   -0.412546  0.00182219
         666   -0.469001   -0.412631  0.00182142
         667    -0.47922   -0.412731  0.00182143
         668   -0.423801   -0.412747  0.00181877
         669   -0.414374    -0.41275  0.00181606
         670   -0.419606    -0.41276  0.00181338
         671   -0.421044   -0.412772  0.00181071
         672   -0.435589   -0.412806  0.00180834
         673   -0.390012   -0.412772  0.00180597
         674   -0.377917   -0.412721  0.00180403
         675   -0.400779   -0.412703  0.00180144
         676    -0.37792   -0.412651  0.00179951
         677    -0.38566   -0.412612   0.0017973
         678   -0.397512   -0.412589  0.00179478
         679   -0.382164   -0.412544   0.0017927
         680   -0.420526   -0.412556   0.0017901
         681   -0.423761   -0.412573  0.00178755
         682    -0.41634   -0.412578  0.00178494
         683   -0.364244   -0.412507  0.00178373
         684   -0.463303   -0.412582  0.00178266
         685   -0.412455   -0.412581  0.00178006
         686    -0.38562   -0.412542   0.0017779
         687   -0.387501   -0.412506  0.00177569
         688   -0.366324   -0.412439  0.00177437
         689   -0.356283   -0.412357  0.00177367
         690    -0.43219   -0.412386  0.00177133
         691   -0.376559   -0.412334  0.00176953
         692   -0.302799   -0.412176  0.00177403
         693   -0.389112   -0.412142  0.00177179
         694   -0.361475   -0.412069  0.00177074
         695   -0.398705    -0.41205  0.00176829
         696   -0.428479   -0.412074  0.00176591
         697   -0.420546   -0.412086  0.00176342
         698   -0.423904   -0.412103  0.00176097
         699   -0.445157    -0.41215  0.00175909
         700    -0.41028   -0.412148  0.00175658
         701   -0.368435   -0.412085  0.00175518
         702   -0.285411   -0.411905  0.00176193
         703   -0.359267    -0.41183  0.00176101
         704   -0.348446    -0.41174  0.00176081
         705   -0.380429   -0.411695  0.00175887
         706   -0.439794   -0.411735  0.00175683
         707   -0.497685   -0.411857  0.00175855
         708   -0.496252   -0.411976   0.0017601
         709   -0.475348   -0.412065  0.00175989
         710    -0.37635   -0.412015  0.00175813
         711   -0.419916   -0.412026  0.00175569
         712     -0.4198   -0.412037  0.00175326
         713   -0.501697   -0.412163   0.0017553
         714     -0.4781   -0.412255  0.00175527
         715   -0.466892   -0.412332  0.00175448
         716   -0.573574   -0.412557  0.00176642
         717   -0.546094   -0.412743  0.00177375
         718   -0.510583   -0.412879  0.00177651
         719    -0.45692   -0.412941  0.00177509
         720    -0.46056   -0.413007  0.00177386
         721    -0.46546   -0.413079  0.00177289
         722   -0.459392   -0.413144  0.00177159
         723   -0.450623   -0.413195   0.0017699
         724   -0.439796   -0.413232  0.00176784
         725   -0.398616   -0.413212  0.00176551
         726   -0.363984   -0.413144  0.00176438
         727   -0.356614   -0.413066  0.00176367
         728   -0.340681   -0.412967  0.00176405
         729   -0.322515   -0.412843  0.00176599
         730   -0.361143   -0.412772  0.00176499
         731   -0.442333   -0.412813  0.00176304
         732    -0.50447   -0.412938  0.00176507
         733   -0.467035   -0.413012   0.0017642
         734    -0.50292   -0.413134  0.00176605
         735   -0.476927   -0.413221  0.00176577
         736   -0.466546   -0.413293  0.00176486
         737   -0.507825   -0.413422  0.00176712
         738    -0.38099   -0.413378  0.00176527
         739   -0.386799   -0.413342  0.00176325
         740   -0.451196   -0.413393  0.00176161
         741   -0.389616   -0.413361  0.00175952
         742   -0.403367   -0.413347   0.0017572
         743   -0.429952    -0.41337  0.00175498
         744   -0.404212   -0.413357  0.00175267
         745   -0.370078   -0.413299  0.00175128
         746   -0.407936   -0.413292  0.00174894
         747   -0.430633   -0.413315  0.00174676
         748   -0.450261   -0.413365  0.00174512
         749   -0.380471   -0.413321  0.00174334
         750   -0.469709   -0.413396  0.00174264
         751   -0.458324   -0.413456  0.00174134
         752   -0.428445   -0.413476  0.00173914
         753   -0.399236   -0.413457  0.00173694
         754   -0.481412   -0.413547  0.00173697
         755   -0.519799   -0.413688  0.00174036
         756   -0.456816   -0.413745  0.00173899
         757   -0.427582   -0.413763  0.00173679
         758   -0.439032   -0.413796  0.00173482
         759   -0.375936   -0.413746  0.00173325
         760   -0.416444    -0.41375  0.00173097
         761   -0.402448   -0.413735  0.00172876
         762    -0.33191   -0.413628  0.00172983
         763   -0.337827   -0.413528  0.00173041
         764    -0.31411   -0.413398  0.00173303
         765   -0.309956   -0.413263  0.00173603
         766   -0.329147   -0.413153  0.00173724
         767   -0.394622   -0.413129  0.00173514
         768   -0.391961   -0.413101   0.0017331
         769   -0.426165   -0.413118  0.00173093
         770    -0.37647   -0.413071  0.00172933
         771   -0.374863   -0.413021   0.0017278
         772   -0.374025   -0.412971   0.0017263
         773   -0.413761   -0.412972  0.00172407
         774   -0.459528   -0.413032  0.00172289
         775   -0.423751   -0.413046  0.00172072
         776   -0.387342   -0.413013  0.00171882
         777   -0.395539    -0.41299  0.00171676
         778   -0.392872   -0.412964  0.00171475
         779   -0.420975   -0.412975  0.00171258
         780   -0.435992   -0.413004  0.00171063
         781   -0.442097   -0.413041  0.00170885
         782   -0.449703   -0.413088  0.00170731
         783   -0.428942   -0.413108  0.00170525
         784   -0.334474   -0.413008  0.00170602
         785   -0.335436   -0.412909  0.00170671
         786   -0.396039   -0.412888  0.00170467
         787   -0.423217   -0.412901  0.00170255
         788   -0.450009   -0.412948  0.00170104
         789   -0.442323   -0.412985   0.0016993
         790   -0.419135   -0.412993  0.00169716
         791   -0.387784   -0.412961  0.00169532
         792   -0.379772   -0.412919  0.00169369
         793   -0.462046   -0.412981  0.00169269
         794   -0.442611   -0.413019  0.00169097
         795    -0.38128   -0.412979  0.00168931
         796   -0.451778   -0.413027  0.00168789
         797   -0.390164   -0.412999  0.00168602
         798   -0.379472   -0.412957  0.00168443
         799   -0.377961   -0.412913  0.00168289
         800   -0.418068   -0.412919   0.0016808
         801   -0.402912   -0.412907  0.00167875
         802   -0.355643   -0.412835  0.00167817
         803   -0.389428   -0.412806  0.00167634
         804    -0.40102   -0.412792  0.00167432
         805   -0.356198   -0.412721  0.00167371
         806   -0.394621   -0.412699  0.00167179
         807   -0.426512   -0.412716   0.0016698
         808   -0.340642   -0.412627  0.00167012
         809   -0.366894    -0.41257  0.00166901
         810   -0.381873   -0.412532  0.00166738
         811   -0.415232   -0.412536  0.00166533
         812   -0.517713   -0.412665   0.0016683
         813     -0.4384   -0.412697  0.00166655
         814    -0.47823   -0.412777  0.00166645
         815   -0.406795    -0.41277  0.00166442
         816   -0.336506   -0.412677    0.001665
         817   -0.387697   -0.412646  0.00166324
         818   -0.402807   -0.412634  0.00166125
         819   -0.362927   -0.412573  0.00166033
         820   -0.404078   -0.412563  0.00165834
         821   -0.414472   -0.412565  0.00165632
         822   -0.471873   -0.412637  0.00165588
         823   -0.417739   -0.412644  0.00165388
         824   -0.446047   -0.412684  0.00165237
         825   -0.442201    -0.41272  0.00165075
         826   -0.520644   -0.412851  0.00165392
         827   -0.360078   -0.412787  0.00165315
         828   -0.483415   -0.412872  0.00165335
         829   -0.476968   -0.412949  0.00165316
         830   -0.561416   -0.413128  0.00166082
         831   -0.555692     -0.4133  0.00166766
         832   -0.512452   -0.413419  0.00166991
         833   -0.484128   -0.413504  0.00167006
         834   -0.474178   -0.413577  0.00166964
         835   -0.460766   -0.413633   0.0016686
         836   -0.466869   -0.413697  0.00166782
         837   -0.385838   -0.413664  0.00166616
         838   -0.359699   -0.413599  0.00166541
         839   -0.401009   -0.413584  0.00166349
         840   -0.450467   -0.413628  0.00166209
         841   -0.487943   -0.413716  0.00166246
         842   -0.488786   -0.413806  0.00166288
         843   -0.447165   -0.413845  0.00166138
         844   -0.435602   -0.413871  0.00165961
         845   -0.463612    -0.41393  0.00165869
         846   -0.497519   -0.414029  0.00165967
         847   -0.381548    -0.41399  0.00165815
         848   -0.368195   -0.413936  0.00165707
         849   -0.345305   -0.413855  0.00165709
         850   -0.375383    -0.41381  0.00165576
         851   -0.379483    -0.41377  0.00165431
         852   -0.396244   -0.413749  0.00165249
         853   -0.389309   -0.413721   0.0016508
         854    -0.31175   -0.413601  0.00165318
         855   -0.347058   -0.413523  0.00165308
         856   -0.399124   -0.413507  0.00165124
         857   -0.418953   -0.413513  0.00164932
         858   -0.415388   -0.413515   0.0016474
         859   -0.404215   -0.413504  0.00164552
         860    -0.42435   -0.413517  0.00164365
         861   -0.343689   -0.413436  0.00164374
         862   -0.404471   -0.413425  0.00164187
         863   -0.381477   -0.413388  0.00164038
         864   -0.419377   -0.413395   0.0016385
         865   -0.380326   -0.413357  0.00163705
         866   -0.306337   -0.413233  0.00163982
         867   -0.360447   -0.413173  0.00163906
         868   -0.441228   -0.413205  0.00163749
         869   -0.426005    -0.41322  0.00163567
         870   -0.361355    -0.41316  0.00163488
         871   -0.429971   -0.413179  0.00163311
         872   -0.414134    -0.41318  0.00163124
         873   -0.351442    -0.41311   0.0016309
         874   -0.414045   -0.413111  0.00162904
         875   -0.455782    -0.41316  0.00162791
         876   -0.387474    -0.41313  0.00162631
         877   -0.390451   -0.413104  0.00162466
         878   -0.412755   -0.413104  0.00162281
         879   -0.428936   -0.413122  0.00162107
         880   -0.396522   -0.413103  0.00161934
         881   -0.431696   -0.413124  0.00161763
         882   -0.362622   -0.413067  0.00161681
         883   -0.396727   -0.413048  0.00161509
         884   -0.408576   -0.413043  0.00161327
         885   -0.410862   -0.413041  0.00161145
         886   -0.346954   -0.412966  0.00161135
         887   -0.414556   -0.412968  0.00160954
         888   -0.408134   -0.412963  0.00160774
         889   -0.413417   -0.412963  0.00160593
         890    -0.36149   -0.412905  0.00160516
         891   -0.433503   -0.412928  0.00160353
         892   -0.428045   -0.412945  0.00160182
         893   -0.342938   -0.412867  0.00160194
         894   -0.370021   -0.412819  0.00160087
         895   -0.391736   -0.412796  0.00159925
         896   -0.451574   -0.412839  0.00159805
         897    -0.43662   -0.412865  0.00159649
         898   -0.389909    -0.41284  0.00159492
         899   -0.415303   -0.412843  0.00159315
         900   -0.486518   -0.412924  0.00159348
         901   -0.460913   -0.412978   0.0015926
         902   -0.428071   -0.412994  0.00159092
         903   -0.410372   -0.412991  0.00158916
         904    -0.37232   -0.412946  0.00158804
         905   -0.387119   -0.412918  0.00158654
         906   -0.405553    -0.41291  0.00158481
         907   -0.400995   -0.412897  0.00158312
         908   -0.383259   -0.412864  0.00158171
         909   -0.340796   -0.412785  0.00158196
         910   -0.430732   -0.412804  0.00158034
         911    -0.42297   -0.412816  0.00157865
         912   -0.383289   -0.412783  0.00157725
         913   -0.434349   -0.412807   0.0015757
         914    -0.42212   -0.412817  0.00157401
         915   -0.373431   -0.412774  0.00157288
         916   -0.346895   -0.412702   0.0015728
         917   -0.376695   -0.412663  0.00157158
         918   -0.306276   -0.412547  0.00157413
         919   -0.318577   -0.412445  0.00157574
         920   -0.262651   -0.412282  0.00158241
         921   -0.391388   -0.412259  0.00158086
         922   -0.417842   -0.412265  0.00157916
         923   -0.382085   -0.412233  0.00157778
         924   -0.408588   -0.412229  0.00157608
         925   -0.364996   -0.412178   0.0015752
         926    -0.42134   -0.412187  0.00157353
         927   -0.401813   -0.412176  0.00157188
         928   -0.364721   -0.412125  0.00157101
         929   -0.408435   -0.412121  0.00156933
         930   -0.399441   -0.412108   0.0015677
         931   -0.415576   -0.412111  0.00156602
         932   -0.425758   -0.412126  0.00156441
         933   -0.458034   -0.412175  0.00156351
         934   -0.410082   -0.412173  0.00156183
         935   -0.389916   -0.412149  0.00156034
         936   -0.443245   -0.412182  0.00155903
         937   -0.450163   -0.412223  0.00155789
         938   -0.408111   -0.412218  0.00155624
         939   -0.460413    -0.41227  0.00155543
         940   -0.425684   -0.412284  0.00155384
         941   -0.444914   -0.412319  0.00155257
         942   -0.431996    -0.41234  0.00155107
         943   -0.505258   -0.412438  0.00155255
         944   -0.454836   -0.412483  0.00155155
         945   -0.417437   -0.412488  0.00154992
         946   -0.355226   -0.412428  0.00154946
         947   -0.300354   -0.412309  0.00155234
         948   -0.376715   -0.412272  0.00155116
         949   -0.414672   -0.412274  0.00154952
         950   -0.355444   -0.412215  0.00154905
         951   -0.363357   -0.412163  0.00154827
         952   -0.350711   -0.412099  0.00154799
         953   -0.388777   -0.412074  0.00154656
         954   -0.347833   -0.412007   0.0015464
         955   -0.401879   -0.411996  0.00154482
         956   -0.369463   -0.411952  0.00154384
         957   -0.332321   -0.411868  0.00154447
         958    -0.40958   -0.411866  0.00154286
         959   -0.392575   -0.411846  0.00154138
         960   -0.432204   -0.411867  0.00153992
         961   -0.398659   -0.411853  0.00153838
         962   -0.321007   -0.411759  0.00153968
         963   -0.392962   -0.411739   0.0015382
         964   -0.389144   -0.411716  0.00153679
         965   -0.396634     -0.4117  0.00153527
         966   -0.374034   -0.411661  0.00153418
         967   -0.373272   -0.411622  0.00153311
         968   -0.390395     -0.4116  0.00153168
         969   -0.348871   -0.411535  0.00153147
         970   -0.339014    -0.41146  0.00153171
         971   -0.328161   -0.411375  0.00153253
         972   -0.370389   -0.411332  0.00153154
         973    -0.39149   -0.411312   0.0015301
         974   -0.416372   -0.411317  0.00152854
         975   -0.433458    -0.41134  0.00152714
         976    -0.40877   -0.411337  0.00152558
         977   -0.376843   -0.411302  0.00152442
         978   -0.367006   -0.411257  0.00152354
         979   -0.292375   -0.411135  0.00152681
         980   -0.414144   -0.411138  0.00152526
         981   -0.409013   -0.411136   0.0015237
         982   -0.500986   -0.411228   0.0015249
         983   -0.488375   -0.411306  0.00152536
         984   -0.432083   -0.411327  0.00152396
         985   -0.349693   -0.411265   0.0015237
         986   -0.333948   -0.411186  0.00152417
         987   -0.355121   -0.411129  0.00152368
         988   -0.342099    -0.41106  0.00152374
         989   -0.314567   -0.410962  0.00152532
         990   -0.337143   -0.410887   0.0015256
         991   -0.380473   -0.410857  0.00152437
         992   -0.364025    -0.41081  0.00152356
         993   -0.321178   -0.410719   0.0015247
         994   -0.339796   -0.410648  0.00152484
         995   -0.380842   -0.410618   0.0015236
         996   -0.338197   -0.410545   0.0015238
         997   -0.408757   -0.410543  0.00152228
         998   -0.428031   -0.410561  0.00152085
         999   -0.365942   -0.410516  0.00151998
        1000   -0.387897   -0.410494  0.00151863
        1001   -0.438115   -0.410521  0.00151737
        1002   -0.405639   -0.410516  0.00151586
        1003   -0.413198   -0.410519  0.00151435
        1004   -0.395106   -0.410504  0.00151292
        1005   -0.370731   -0.410464  0.00151193
        1006   -0.398241   -0.410452  0.00151048
        1007   -0.416912   -0.410458  0.00150899
        1008   -0.420917   -0.410469  0.00150753
        1009   -0.459581   -0.410517  0.00150682
        1010   -0.502831   -0.410609   0.0015081
        1011    -0.45154   -0.410649  0.00150715
        1012   -0.366728   -0.410606  0.00150629
        1013   -0.358526   -0.410555  0.00150568
        1014   -0.436959   -0.410581  0.00150442
        1015   -0.393381   -0.410564  0.00150303
        1016   -0.351838   -0.410506  0.00150266
        1017   -0.386023   -0.410482  0.00150138
        1018   -0.372387   -0.410444  0.00150037
        1019   -0.379622   -0.410414   0.0014992
        1020   -0.391583   -0.410396  0.00149784
        1021   -0.352454   -0.410339  0.00149745
        1022   -0.351436   -0.410281   0.0014971
        1023   -0.354187   -0.410226  0.00149664
        1024   -0.341043   -0.410159   0.0014967
        1025   -0.310246   -0.410061  0.00149841
        1026   -0.392144   -0.410044  0.00149705
        1027   -0.372268   -0.410007  0.00149605
        1028   -0.345762   -0.409945  0.00149589
        1029   -0.337819   -0.409875  0.00149608
        1030   -0.368496   -0.409834  0.00149517
        1031   -0.439491   -0.409863    0.001494
        1032   -0.330401   -0.409786  0.00149453
        1033   -0.360002   -0.409738  0.00149386
        1034   -0.438004   -0.409765  0.00149267
        1035   -0.454348   -0.409808  0.00149185
        1036   -0.473702    -0.40987  0.00149168
        1037   -0.417001   -0.409877  0.00149026
        1038   -0.406197   -0.409873  0.00148883
        1039   -0.452324   -0.409914  0.00148795
        1040   -0.464897   -0.409967  0.00148746
        1041   -0.458516   -0.410014  0.00148676
        1042     -0.4716   -0.410073  0.00148651
        1043   -0.509948   -0.410169  0.00148817
        1044    -0.49589   -0.410251    0.001489
        1045   -0.406139   -0.410247  0.00148758
        1046   -0.420376   -0.410256  0.00148619
        1047   -0.412717   -0.410259  0.00148478
        1048   -0.346606   -0.410198   0.0014846
        1049   -0.428755   -0.410216  0.00148329
        1050   -0.391822   -0.410198  0.00148198
        1051   -0.397661   -0.410186  0.00148062
        1052   -0.416133   -0.410192  0.00147922
        1053   -0.351338   -0.410136  0.00147887
        1054   -0.363741   -0.410092  0.00147813
        1055   -0.411504   -0.410093  0.00147673
        1056   -0.494886   -0.410174  0.00147751
        1057   -0.470481   -0.410231  0.00147721
        1058   -0.417464   -0.410238  0.00147583
        1059   -0.407637   -0.410235  0.00147444
        1060   -0.416829   -0.410241  0.00147306
        1061   -0.435304   -0.410265  0.00147186
        1062   -0.415519    -0.41027  0.00147049
        1063   -0.476251   -0.410332  0.00147041
        1064   -0.421422   -0.410342  0.00146907
        1065   -0.482671    -0.41041  0.00146926
        1066   -0.431562    -0.41043  0.00146801
        1067   -0.424613   -0.410443   0.0014667
        1068   -0.438015   -0.410469  0.00146555
        1069   -0.401572   -0.410461   0.0014642
        1070   -0.407657   -0.410458  0.00146284
        1071   -0.367255   -0.410418  0.00146203
        1072   -0.370281   -0.410381  0.00146114
        1073   -0.418845   -0.410388   0.0014598
        1074   -0.396129   -0.410375   0.0014585
        1075   -0.284658   -0.410258  0.00146183
        1076   -0.362566   -0.410214  0.00146114
        1077   -0.422977   -0.410226  0.00145983
        1078   -0.417041   -0.410232  0.00145849
        1079   -0.451193    -0.41027  0.00145763
        1080   -0.472457   -0.410328  0.00145742
        1081    -0.45362   -0.410368  0.00145662
        1082   -0.375896   -0.410336  0.00145563
        1083   -0.407878   -0.410334  0.00145428
        1084   -0.372801   -0.410299  0.00145335
        1085   -0.422588    -0.41031  0.00145206
        1086   -0.448798   -0.410346  0.00145115
        1087   -0.408612   -0.410344  0.00144982
        1088   -0.400548   -0.410335  0.00144851
        1089   -0.450535   -0.410372  0.00144765
        1090   -0.410468   -0.410372  0.00144633
        1091   -0.428207   -0.410388  0.00144509
        1092   -0.422079   -0.410399  0.00144381
        1093   -0.403294   -0.410393   0.0014425
        1094   -0.307784   -0.410299  0.00144423
        1095   -0.336957   -0.410232  0.00144446
        1096    -0.36505   -0.410191  0.00144373
        1097   -0.396818   -0.410178  0.00144247
        1098   -0.467955   -0.410231  0.00144212
        1099   -0.397843    -0.41022  0.00144085
        1100   -0.438615   -0.410246  0.00143977
        1101     -0.4854   -0.410314  0.00144008
        1102   -0.421659   -0.410324  0.00143881
        1103   -0.338703   -0.410259  0.00143897
        1104   -0.380488   -0.410232  0.00143792
        1105   -0.327786   -0.410158  0.00143855
        1106   -0.292212   -0.410051   0.0014412
        1107   -0.409202    -0.41005   0.0014399
        1108   -0.466298   -0.410101  0.00143949
        1109   -0.426586   -0.410116  0.00143827
        1110   -0.412724   -0.410118  0.00143698
        1111   -0.360896   -0.410074  0.00143637
        1112   -0.352563   -0.410022    0.001436
        1113   -0.420446   -0.410032  0.00143474
        1114   -0.418238   -0.410039  0.00143348
        1115   -0.343035   -0.409979  0.00143345
        1116   -0.376119   -0.409948  0.00143249
        1117   -0.390784   -0.409931  0.00143131
        1118   -0.336885   -0.409866  0.00143152
        1119   -0.396108   -0.409854  0.00143029
        1120   -0.481441   -0.409918  0.00143044
        1121   -0.383848   -0.409894  0.00142935
        1122   -0.384057   -0.409871  0.00142826
        1123   -0.451087   -0.409908  0.00142746
        1124   -0.426975   -0.409923  0.00142627
        1125   -0.438679   -0.409949  0.00142524
        1126   -0.397184   -0.409937  0.00142402
        1127   -0.361992   -0.409895  0.00142339
        1128    -0.41968   -0.409904  0.00142215
        1129   -0.377589   -0.409875  0.00142118
        1130   -0.407193   -0.409873  0.00141992
        1131   -0.389191   -0.409854  0.00141879
        1132   -0.380002   -0.409828  0.00141778
        1133    -0.41023   -0.409828  0.00141653
        1134   -0.346625   -0.409773  0.00141637
        1135   -0.357524   -0.409726  0.00141587
        1136   -0.409802   -0.409727  0.00141463
        1137   -0.455745   -0.409767  0.00141396
        1138   -0.463302   -0.409814   0.0014135
        1139    -0.45176   -0.409851  0.00141274
        1140   -0.470064   -0.409904  0.00141249
        1141   -0.345378   -0.409847  0.00141238
        1142   -0.382506   -0.409823  0.00141135
        1143   -0.416404   -0.409829  0.00141013
        1144   -0.374274   -0.409798  0.00140924
        1145   -0.377167   -0.409769  0.00140829
        1146   -0.396054   -0.409757  0.00140711
        1147   -0.428762   -0.409774  0.00140599
        1148   -0.337502   -0.409711  0.00140617
        1149    -0.40357   -0.409706  0.00140496
        1150    -0.37613   -0.409677  0.00140404
        1151   -0.354212   -0.409628  0.00140364
        1152   -0.321833   -0.409552  0.00140449
        1153   -0.371222   -0.409519  0.00140367
        1154   -0.408045   -0.409518  0.00140245
        1155   -0.360054   -0.409475  0.00140189
        1156   -0.393858   -0.409461  0.00140074
        1157   -0.414359   -0.409465  0.00139954
        1158   -0.331851   -0.409398  0.00139994
        1159   -0.396871   -0.409388  0.00139877
        1160   -0.383032   -0.409365  0.00139775
        1161   -0.380745    -0.40934  0.00139676
        1162   -0.397118    -0.40933   0.0013956
        1163   -0.395345   -0.409318  0.00139445
        1164   -0.371805   -0.409286  0.00139363
        1165   -0.422804   -0.409297  0.00139248
        1166   -0.394564   -0.409284  0.00139134
        1167   -0.393281   -0.409271  0.00139022
        1168   -0.421751   -0.409281  0.00138907
        1169   -0.383231   -0.409259  0.00138806
        1170   -0.366394   -0.409223  0.00138735
        1171   -0.434202   -0.409244  0.00138633
        1172   -0.398124   -0.409234  0.00138518
        1173   -0.445749   -0.409265  0.00138435
        1174   -0.380811   -0.409241  0.00138338
        1175   -0.342679   -0.409185  0.00138337
        1176   -0.410034   -0.409185  0.00138219
        1177   -0.484033   -0.409249  0.00138248
        1178   -0.451729   -0.409285  0.00138178
        1179   -0.399784   -0.409277  0.00138063
        1180   -0.383999   -0.409256  0.00137962
        1181   -0.374071   -0.409226  0.00137878
        1182     -0.3822   -0.409203   0.0013778
        1183   -0.429214    -0.40922  0.00137674
        1184   -0.434342   -0.409241  0.00137574
        1185   -0.469858   -0.409292  0.00137553
        1186   -0.418621     -0.4093  0.00137439
        1187   -0.395201   -0.409288  0.00137329
        1188   -0.311461   -0.409206   0.0013746
        1189   -0.378765    -0.40918  0.00137368
        1190   -0.383101   -0.409158   0.0013727
        1191    -0.42444   -0.409171  0.00137161
        1192   -0.412337   -0.409174  0.00137046
        1193   -0.433093   -0.409194  0.00136946
        1194   -0.354223   -0.409148  0.00136908
        1195   -0.402746   -0.409142  0.00136795
        1196   -0.374161   -0.409113  0.00136712
        1197   -0.337359   -0.409053  0.00136729
        1198   -0.333737    -0.40899  0.00136759
        1199   -0.344491   -0.408937  0.00136751
        1200   -0.259214   -0.408812  0.00137205
