#     BLOCK:   ACTUAL_P:     P_AVE:       ERROR:
           1   0.0473974   0.0473974           0
           2   0.0504104   0.0489039  0.00106525
           3   0.0555958   0.0511346  0.00195486
           4   0.0625092   0.0539782  0.00286608
           5   0.0458718   0.0523569  0.00271295
           6   0.0386472    0.050072  0.00307605
           7   0.0621565   0.0517983  0.00308323
           8   0.0425898   0.0506473  0.00290475
           9   0.0561007   0.0512532  0.00264445
          10   0.0504237   0.0511703   0.0023813
          11   0.0505641   0.0511152  0.00216546
          12   0.0396319   0.0501582  0.00218624
          13   0.0470573   0.0499197  0.00203104
          14   0.0404643   0.0492443   0.0019951
          15   0.0427719   0.0488128  0.00190819
          16   0.0423927   0.0484116  0.00183063
          17   0.0458275   0.0482596  0.00172924
          18   0.0486223   0.0482797  0.00163329
          19   0.0517431    0.048462  0.00155747
          20   0.0508855   0.0485832   0.0014843
          21    0.049058   0.0486058  0.00141379
          22   0.0458289   0.0484796  0.00135515
          23   0.0550487   0.0487652  0.00132599
          24   0.0568904   0.0491037  0.00131325
          25   0.0478879   0.0490551  0.00126162
          26   0.0444666   0.0488786  0.00122537
          27   0.0507301   0.0489472  0.00118191
          28   0.0580867   0.0492736  0.00118391
          29   0.0423108   0.0490335  0.00116718
          30   0.0529581   0.0491643  0.00113558
          31   0.0450088   0.0490303  0.00110683
          32   0.0500508   0.0490622   0.0010727
          33    0.053715   0.0492032  0.00104942
          34   0.0441901   0.0490557  0.00102886
          35   0.0483557   0.0490357 0.000999661
          36   0.0609619    0.049367  0.00102532
          37    0.047767   0.0493238 0.000998518
          38   0.0498859   0.0493385  0.00097235
          39   0.0558006   0.0495042 0.000961432
          40   0.0422446   0.0493227 0.000954373
          41   0.0414287   0.0491302 0.000950319
          42   0.0463222   0.0490634 0.000930041
          43   0.0486969   0.0490548 0.000908451
          44   0.0490262   0.0490542 0.000887805
          45   0.0618139   0.0493377 0.000912233
          46   0.0449449   0.0492422 0.000897386
          47   0.0506103   0.0492713 0.000878765
          48    0.047087   0.0492258 0.000861635
          49   0.0471128   0.0491827 0.000845129
          50   0.0434706   0.0490685 0.000835912
          51   0.0451872   0.0489924 0.000822979
          52   0.0600664   0.0492053 0.000834251
          53   0.0462913   0.0491503 0.000820321
          54   0.0406098   0.0489922 0.000820234
          55   0.0478841    0.048972 0.000805568
          56   0.0488532   0.0489699 0.000791186
          57   0.0600829   0.0491649 0.000800967
          58   0.0468514    0.049125  0.00078815
          59   0.0584545   0.0492831 0.000790495
          60   0.0493269   0.0492839  0.00077732
          61   0.0455279   0.0492223 0.000767012
          62   0.0495253   0.0492272 0.000754657
          63   0.0563851   0.0493408 0.000751182
          64    0.058076   0.0494773 0.000751742
          65   0.0556376    0.049572 0.000746127
          66   0.0551273   0.0496562 0.000739555
          67   0.0428915   0.0495553 0.000735377
          68   0.0602357   0.0497123 0.000741146
          69    0.069645   0.0500012 0.000784686
          70   0.0528214   0.0500415  0.00077451
          71   0.0523894   0.0500746 0.000764307
          72   0.0507784   0.0500843 0.000753754
          73    0.049792   0.0500803  0.00074344
          74   0.0417594   0.0499679 0.000741848
          75   0.0426337   0.0498701 0.000738374
          76   0.0488788    0.049857 0.000728774
          77   0.0475516   0.0498271 0.000719924
          78   0.0391262   0.0496899 0.000723648
          79   0.0433077   0.0496091 0.000718983
          80    0.040865   0.0494998 0.000718256
          81    0.046873   0.0494674  0.00071012
          82   0.0455222   0.0494193 0.000703088
          83   0.0461137   0.0493795 0.000695744
          84   0.0511114   0.0494001 0.000687767
          85   0.0606781   0.0495328 0.000692356
          86   0.0503243    0.049542 0.000684366
          87   0.0629073   0.0496956 0.000693528
          88   0.0613892   0.0498285 0.000698261
          89   0.0448193   0.0497722  0.00069268
          90   0.0550627    0.049831 0.000687474
          91   0.0445972   0.0497735 0.000682321
          92   0.0303534   0.0495624 0.000706802
          93    0.033379   0.0493884 0.000720305
          94   0.0472302   0.0493654 0.000713008
          95   0.0494054   0.0493658 0.000705503
          96     0.04715   0.0493427 0.000698531
          97   0.0444903   0.0492927 0.000693119
          98    0.040086   0.0491988 0.000692384
          99   0.0431703   0.0491379 0.000688062
         100   0.0341792   0.0489883 0.000697253
         101   0.0457045   0.0489558 0.000691107
         102   0.0566392   0.0490311 0.000688424
         103   0.0450829   0.0489928 0.000682807
         104    0.051857   0.0490203 0.000676796
         105   0.0496873   0.0490267 0.000670381
         106   0.0451178   0.0489898  0.00066507
         107   0.0443484   0.0489464 0.000660267
         108   0.0492979   0.0489497 0.000654162
         109   0.0395465   0.0488634 0.000653824
         110   0.0388642   0.0487725 0.000654168
         111   0.0494925    0.048779 0.000648307
         112   0.0548448   0.0488331 0.000644777
         113   0.0408498   0.0487625  0.00064293
         114   0.0487803   0.0487626  0.00063729
         115   0.0443594   0.0487244 0.000632898
         116   0.0436785   0.0486809 0.000628935
         117   0.0583135   0.0487632 0.000628925
         118    0.040864   0.0486962 0.000627147
         119   0.0463277   0.0486763 0.000622193
         120   0.0381148   0.0485883 0.000623202
         121   0.0391733   0.0485105  0.00062289
         122   0.0416445   0.0484542 0.000620322
         123   0.0530711   0.0484918 0.000616413
         124   0.0499429   0.0485035 0.000611553
         125   0.0509531   0.0485231 0.000606974
         126   0.0457555   0.0485011 0.000602555
         127   0.0454216   0.0484769 0.000598298
         128   0.0424359   0.0484297 0.000595482
         129   0.0541036   0.0484736 0.000592488
         130   0.0481968   0.0484715 0.000587934
         131   0.0555247   0.0485254 0.000585906
         132   0.0626079    0.048632 0.000591101
         133   0.0527335   0.0486629  0.00058746
         134   0.0692254   0.0488163 0.000602785
         135   0.0428592   0.0487722 0.000599933
         136   0.0469801    0.048759 0.000595666
         137   0.0400042   0.0486951 0.000594736
         138   0.0430683   0.0486544 0.000591823
         139   0.0494377     0.04866 0.000587592
         140   0.0580276   0.0487269 0.000587192
         141   0.0489778   0.0487287  0.00058303
         142   0.0435118   0.0486919 0.000580081
         143   0.0431262    0.048653 0.000577329
         144   0.0456305    0.048632 0.000573701
         145   0.0510083   0.0486484 0.000569978
         146   0.0546927   0.0486898 0.000567576
         147   0.0465311   0.0486751 0.000563905
         148   0.0457191   0.0486552 0.000560448
         149   0.0627262   0.0487496 0.000564587
         150   0.0610097   0.0488313 0.000566708
         151    0.040665   0.0487772  0.00056553
         152   0.0420634   0.0487331 0.000563532
         153   0.0613509   0.0488155 0.000565851
         154   0.0640187   0.0489143 0.000570723
         155   0.0479985   0.0489084 0.000567072
         156   0.0408014   0.0488564 0.000565813
         157     0.05015   0.0488646 0.000562269
         158   0.0468736    0.048852 0.000558851
         159   0.0530575   0.0488785 0.000555962
         160   0.0524913   0.0489011 0.000552946
         161   0.0539847   0.0489326 0.000550412
         162   0.0617454   0.0490117 0.000552668
         163   0.0547353   0.0490468 0.000550392
         164   0.0369037   0.0489728 0.000551993
         165   0.0477957   0.0489657 0.000548694
         166   0.0530437   0.0489902 0.000545938
         167   0.0576253   0.0490419 0.000545112
         168     0.05044   0.0490503 0.000541931
         169   0.0532842   0.0490753 0.000539303
         170   0.0437571    0.049044 0.000537038
         171   0.0472694   0.0490336 0.000533997
         172   0.0407138   0.0489853 0.000533079
         173    0.046316   0.0489698 0.000530221
         174   0.0504442   0.0489783 0.000527241
         175   0.0351534   0.0488993 0.000530114
         176   0.0508961   0.0489107 0.000527223
         177   0.0365267   0.0488407 0.000528867
         178   0.0374147   0.0487765 0.000529777
         179   0.0551176   0.0488119    0.000528
         180   0.0459486    0.048796 0.000525306
         181   0.0486556   0.0487953 0.000522405
         182   0.0597528   0.0488555 0.000522992
         183    0.060142   0.0489171 0.000523758
         184   0.0546222   0.0489481 0.000521829
         185    0.047996    0.048943 0.000519033
         186   0.0419157   0.0489052 0.000517616
         187   0.0391913   0.0488533 0.000517448
         188   0.0448655   0.0488321  0.00051513
         189   0.0441817   0.0488075 0.000512992
         190   0.0532863    0.048831 0.000510833
         191   0.0542796   0.0488595 0.000508955
         192   0.0486426   0.0488584 0.000506305
         193   0.0629399   0.0489314 0.000508912
         194   0.0592407   0.0489845 0.000509055
         195   0.0524734   0.0490024 0.000506759
         196   0.0497703   0.0490063 0.000504189
         197   0.0411051   0.0489662 0.000503222
         198   0.0519598   0.0489813 0.000500908
         199   0.0473279    0.048973  0.00049846
         200   0.0537081   0.0489967 0.000496529
         201   0.0350709   0.0489274 0.000498869
         202   0.0443065   0.0489045 0.000496924
         203   0.0402697    0.048862 0.000496293
         204   0.0383415   0.0488104 0.000496532
         205   0.0390029   0.0487626  0.00049641
         206   0.0399903     0.04872 0.000495823
         207   0.0517713   0.0487348 0.000493647
         208   0.0489721   0.0487359 0.000491275
         209   0.0443259   0.0487148 0.000489377
         210   0.0455357   0.0486997 0.000487281
         211   0.0616773   0.0487612 0.000488838
         212   0.0417677   0.0487282 0.000487644
         213   0.0482868   0.0487261 0.000485359
         214   0.0398233   0.0486845  0.00048487
         215   0.0356909   0.0486241 0.000486367
         216   0.0469596   0.0486164 0.000484176
         217   0.0504042   0.0486246 0.000482015
         218   0.0595156   0.0486746 0.000482386
         219   0.0517123   0.0486884 0.000480383
         220   0.0404448    0.048651 0.000479659
         221   0.0489857   0.0486525 0.000477491
         222   0.0637092   0.0487203 0.000480132
         223   0.0418542   0.0486895 0.000478965
         224   0.0489779   0.0486908 0.000476829
         225   0.0517939   0.0487046 0.000474909
         226    0.049121   0.0487064 0.000472811
         227   0.0384263   0.0486611 0.000472892
         228   0.0364913   0.0486078 0.000473821
         229   0.0517968   0.0486217 0.000471957
         230   0.0384404   0.0485774 0.000471976
         231   0.0498752    0.048583 0.000469966
         232    0.052815   0.0486013 0.000468294
         233    0.040656   0.0485672 0.000467524
         234   0.0406504   0.0485334 0.000466749
         235   0.0545443   0.0485589 0.000465463
         236   0.0456678   0.0485467 0.000463652
         237   0.0466704   0.0485388 0.000461763
         238   0.0422498   0.0485123 0.000460579
         239    0.062508   0.0485709 0.000462359
         240   0.0581927    0.048611 0.000462168
         241   0.0839698   0.0487577 0.000482977
         242   0.0637078   0.0488195 0.000484916
         243   0.0503016   0.0488256 0.000482959
         244   0.0618336   0.0488789 0.000483913
         245   0.0510312   0.0488877 0.000482017
         246   0.0484855    0.048886 0.000480061
         247   0.0520974    0.048899 0.000478293
         248   0.0399997   0.0488632 0.000477709
         249   0.0402107   0.0488284 0.000477052
         250   0.0433487   0.0488065 0.000475647
         251   0.0475216   0.0488014  0.00047378
         252   0.0553803   0.0488275 0.000472619
         253   0.0447388   0.0488113 0.000471027
         254   0.0480975   0.0488085 0.000469181
         255    0.055568    0.048835 0.000468089
         256   0.0429741   0.0488121  0.00046682
         257   0.0404125   0.0487794 0.000466146
         258    0.043154   0.0487576 0.000464849
         259   0.0467514   0.0487499 0.000463119
         260   0.0582668   0.0487865 0.000462782
         261   0.0511851   0.0487957   0.0004611
         262   0.0444654   0.0487792 0.000459636
         263   0.0348303   0.0487261 0.000460939
         264   0.0368448   0.0486811 0.000461384
         265   0.0423581   0.0486573  0.00046026
         266   0.0370527   0.0486136 0.000460593
         267   0.0348432   0.0485621 0.000461746
         268   0.0412613   0.0485348 0.000460826
         269   0.0467281   0.0485281 0.000459162
         270   0.0509814   0.0485372 0.000457551
         271   0.0527662   0.0485528 0.000456129
         272   0.0413612   0.0485263 0.000455217
         273    0.040117   0.0484955 0.000454591
         274   0.0475521   0.0484921 0.000452945
         275   0.0458952   0.0484827 0.000451396
         276   0.0465327   0.0484756 0.000449816
         277    0.044336   0.0484606  0.00044844
         278   0.0392484   0.0484275  0.00044805
         279   0.0474366    0.048424 0.000446458
         280   0.0391352   0.0483908 0.000446094
         281   0.0488903   0.0483926  0.00044451
         282    0.053843   0.0484119 0.000443354
         283   0.0548187   0.0484345 0.000442365
         284   0.0510182   0.0484436 0.000440901
         285   0.0470607   0.0484388 0.000439381
         286    0.057587   0.0484708 0.000439007
         287   0.0555505   0.0484954  0.00043817
         288   0.0591292   0.0485323 0.000438202
         289    0.052274   0.0485453 0.000436876
         290   0.0482251   0.0485442 0.000435371
         291   0.0449987    0.048532 0.000434046
         292   0.0408196   0.0485056 0.000433362
         293   0.0483211    0.048505 0.000431884
         294    0.048204   0.0485039 0.000430416
         295   0.0470576    0.048499 0.000428985
         296   0.0499546    0.048504 0.000427564
         297   0.0510198   0.0485124 0.000426208
         298   0.0451818   0.0485013 0.000424924
         299   0.0397374   0.0484719 0.000424513
         300   0.0566478   0.0484992 0.000423972
         301   0.0481915   0.0484982 0.000422564
         302   0.0512143   0.0485072 0.000421261
         303   0.0574533   0.0485367 0.000420904
         304   0.0570706   0.0485648 0.000420454
         305   0.0568931   0.0485921 0.000419962
         306   0.0546933    0.048612 0.000419062
         307   0.0464235   0.0486049 0.000417758
         308   0.0497086   0.0486085 0.000416417
         309   0.0467927   0.0486026 0.000415111
         310   0.0425711   0.0485831 0.000414227
         311   0.0491208   0.0485849 0.000412899
         312    0.052355   0.0485969 0.000411752
         313   0.0326596    0.048546 0.000413573
         314    0.034434   0.0485011 0.000414691
         315    0.047321   0.0484973 0.000413391
         316   0.0485185   0.0484974 0.000412083
         317   0.0399153   0.0484703 0.000411672
         318   0.0398185   0.0484431 0.000411275
         319   0.0491547   0.0484454 0.000409992
         320   0.0457871    0.048437 0.000408795
         321   0.0511332   0.0484454 0.000407608
         322   0.0517902   0.0484558 0.000406474
         323   0.0530282     0.04847 0.000405462
         324     0.07191   0.0485423 0.000410614
         325   0.0533158    0.048557 0.000409613
         326   0.0619786   0.0485982 0.000410421
         327   0.0410515   0.0485751 0.000409814
         328   0.0419312   0.0485549 0.000409065
         329   0.0441556   0.0485415  0.00040804
         330   0.0401898   0.0485162 0.000407587
         331   0.0505246   0.0485222 0.000406401
         332   0.0580714    0.048551 0.000406194
         333   0.0468414   0.0485459 0.000405006
         334   0.0462735   0.0485391 0.000403851
         335   0.0475344   0.0485361 0.000402656
         336   0.0555721    0.048557 0.000402002
         337    0.047984   0.0485553 0.000400813
         338   0.0445726   0.0485435   0.0003998
         339   0.0502122   0.0485484 0.000398651
         340   0.0696274   0.0486104 0.000402271
         341   0.0556139    0.048631 0.000401615
         342   0.0428195    0.048614   0.0004008
         343   0.0536241   0.0486286 0.000399897
         344   0.0605457   0.0486632 0.000400233
         345   0.0534154    0.048677  0.00039931
         346   0.0440644   0.0486637 0.000398378
         347   0.0472359   0.0486596 0.000397251
         348    0.047548   0.0486564 0.000396122
         349   0.0462354   0.0486494 0.000395048
         350   0.0631863    0.048691 0.000396097
         351   0.0615238   0.0487275 0.000396652
         352     0.04874   0.0487276 0.000395525
         353   0.0595287   0.0487582 0.000395586
         354   0.0664084    0.048808 0.000397599
         355   0.0549073   0.0488252  0.00039685
         356   0.0497057   0.0488277 0.000395743
         357   0.0565383   0.0488493 0.000395223
         358   0.0564587   0.0488705  0.00039469
         359    0.050965   0.0488764 0.000393634
         360   0.0557011   0.0488953 0.000392997
         361   0.0509838   0.0489011 0.000391951
         362   0.0531202   0.0489128 0.000391041
         363   0.0542047   0.0489273 0.000390236
         364   0.0552468   0.0489447  0.00038955
         365     0.03888   0.0489171 0.000389457
         366   0.0367095   0.0488838 0.000389819
         367   0.0358488   0.0488483 0.000390371
         368   0.0390225   0.0488216 0.000390222
         369   0.0436036   0.0488074 0.000389421
         370   0.0505567   0.0488121 0.000388397
         371   0.0438149   0.0487987 0.000387584
         372   0.0498108   0.0488014 0.000386552
         373   0.0409513   0.0487804 0.000386088
         374   0.0397822   0.0487563 0.000385804
         375   0.0461717   0.0487494 0.000384837
         376   0.0405808   0.0487277 0.000384426
         377   0.0721513   0.0487898 0.000388395
         378   0.0557065   0.0488081 0.000387798
         379   0.0425558   0.0487916 0.000387126
         380   0.0465132   0.0487856 0.000386153
         381   0.0539709   0.0487992  0.00038538
         382   0.0388525   0.0487732  0.00038525
         383   0.0556483   0.0487911 0.000384662
         384    0.055342   0.0488082 0.000384038
         385   0.0539337   0.0488215 0.000383271
         386   0.0621357    0.048856 0.000383827
         387   0.0486375   0.0488554 0.000382836
         388   0.0408609   0.0488348 0.000382403
         389   0.0496787    0.048837 0.000381426
         390   0.0503479   0.0488409 0.000380468
         391   0.0419921   0.0488234 0.000379898
         392   0.0427286   0.0488078 0.000379247
         393    0.045606   0.0487997 0.000378369
         394   0.0434815   0.0487862  0.00037765
         395   0.0462362   0.0487797 0.000376749
         396   0.0630546   0.0488158 0.000377518
         397   0.0683303   0.0488649 0.000379754
         398   0.0485543   0.0488641   0.0003788
         399   0.0468758   0.0488591 0.000377884
         400   0.0442262   0.0488476 0.000377117
         401   0.0366167   0.0488171 0.000377408
         402   0.0340834   0.0487804 0.000378244
         403   0.0489234   0.0487808 0.000377306
         404   0.0409993   0.0487615 0.000376863
         405   0.0574045   0.0487828 0.000376536
         406   0.0511257   0.0487886 0.000375653
         407   0.0458211   0.0487813 0.000374801
         408   0.0612723   0.0488119 0.000375131
         409   0.0418658    0.048795 0.000374598
         410   0.0479114   0.0487928  0.00037369
         411   0.0436434   0.0487803 0.000372991
         412   0.0569111      0.0488 0.000372607
         413   0.0518984   0.0488075 0.000371781
         414   0.0454913   0.0487995 0.000370969
         415   0.0560965   0.0488171 0.000370491
         416   0.0482924   0.0488158 0.000369603
         417   0.0422808   0.0488002 0.000369049
         418   0.0480428   0.0487983  0.00036817
         419   0.0401232   0.0487776 0.000367873
         420   0.0509752   0.0487829 0.000367035
         421   0.0494523   0.0487845 0.000366166
         422   0.0304531    0.048741 0.000367866
         423   0.0344897   0.0487073 0.000368536
         424   0.0322091   0.0486684 0.000369715
         425   0.0495673   0.0486705 0.000368852
         426   0.0452482   0.0486625 0.000368073
         427   0.0419969   0.0486469 0.000367542
         428   0.0410925   0.0486292 0.000367107
         429   0.0470951   0.0486257 0.000366269
         430    0.052956   0.0486357 0.000365555
         431   0.0537268   0.0486475 0.000364898
         432   0.0451773   0.0486395 0.000364142
         433   0.0654862   0.0486784 0.000365373
         434   0.0475836   0.0486759  0.00036454
         435   0.0525773   0.0486849 0.000363812
         436   0.0551953   0.0486998 0.000363284
         437   0.0463699   0.0486945 0.000362492
         438   0.0563219   0.0487119 0.000362082
         439   0.0511405   0.0487174   0.0003613
         440   0.0475094   0.0487147 0.000360489
         441   0.0383274   0.0486911  0.00036044
         442   0.0399276   0.0486713  0.00036017
         443   0.0476207   0.0486689 0.000359365
         444   0.0574088   0.0486886 0.000359094
         445   0.0492005   0.0486897 0.000358289
         446   0.0562284   0.0487067 0.000357884
         447   0.0562583   0.0487235 0.000357482
         448   0.0487692   0.0487236 0.000356684
         449    0.045769   0.0487171  0.00035595
         450   0.0504149   0.0487208 0.000355179
         451   0.0414426   0.0487047 0.000354758
         452   0.0383212   0.0486817 0.000354716
         453   0.0405878   0.0486639 0.000354383
         454   0.0516658   0.0486705 0.000353664
         455   0.0595989   0.0486945 0.000353701
         456   0.0465711   0.0486898 0.000352956
         457    0.061077   0.0487169 0.000353223
         458   0.0485375   0.0487166 0.000352452
         459   0.0458731   0.0487104 0.000351739
         460   0.0434598   0.0486989 0.000351159
         461   0.0438745   0.0486885 0.000350554
         462   0.0466876   0.0486841 0.000349822
         463   0.0501883   0.0486874 0.000349081
         464   0.0551976   0.0487014 0.000348611
         465   0.0473118   0.0486984 0.000347874
         466   0.0471268   0.0486951 0.000347144
         467   0.0479712   0.0486935 0.000346404
         468   0.0371097   0.0486688 0.000346547
         469   0.0357222   0.0486412 0.000346905
         470   0.0375215   0.0486175 0.000346973
         471   0.0446064    0.048609 0.000346341
         472   0.0580394    0.048629 0.000346183
         473   0.0544324   0.0486412 0.000345669
         474   0.0468707   0.0486375 0.000344959
         475   0.0433634   0.0486264 0.000344412
         476   0.0402756   0.0486089 0.000344135
         477   0.0537324   0.0486196 0.000343581
         478   0.0377048   0.0485968  0.00034362
         479   0.0440477   0.0485873 0.000343034
         480   0.0484129   0.0485869 0.000342319
         481    0.042141   0.0485735  0.00034187
         482     0.04147   0.0485588 0.000341478
         483   0.0439918   0.0485493 0.000340902
         484   0.0424518   0.0485367  0.00034043
         485   0.0357433   0.0485103 0.000340749
         486   0.0400542   0.0484929 0.000340492
         487     0.04296   0.0484816 0.000339982
         488   0.0444325   0.0484733 0.000339387
         489    0.035714   0.0484472 0.000339694
         490   0.0493757   0.0484491 0.000339006
         491   0.0427195   0.0484374 0.000338517
         492   0.0569108   0.0484546 0.000338266
         493   0.0558523   0.0484696 0.000337913
         494   0.0441784   0.0484609  0.00033734
         495   0.0609085   0.0484861 0.000337595
         496   0.0459951   0.0484811 0.000336952
         497   0.0543353   0.0484928 0.000336479
         498    0.059728   0.0485154 0.000336559
         499    0.048771   0.0485159 0.000335885
         500   0.0624916   0.0485439 0.000336374
         501   0.0561083    0.048559 0.000336042
         502   0.0497196   0.0485613  0.00033538
         503    0.040718   0.0485457 0.000335076
         504   0.0386179    0.048526 0.000334989
         505   0.0521757   0.0485332 0.000334404
         506   0.0399305   0.0485162 0.000334175
         507   0.0439864   0.0485073 0.000333635
         508   0.0496459   0.0485095 0.000332986
         509   0.0565561   0.0485253 0.000332707
         510   0.0555589   0.0485391  0.00033234
         511   0.0482334   0.0485385 0.000331691
         512   0.0475499   0.0485366 0.000331048
         513   0.0383254   0.0485167 0.000331001
         514   0.0407463   0.0485016 0.000330702
         515    0.038691   0.0484825 0.000330608
         516   0.0398057   0.0484657 0.000330395
         517   0.0461313   0.0484612 0.000329786
         518   0.0461152   0.0484567 0.000329181
         519    0.041458   0.0484432 0.000328823
         520    0.040458   0.0484278 0.000328549
         521   0.0591138   0.0484483 0.000328558
         522   0.0446675   0.0484411 0.000328008
         523   0.0524791   0.0484488 0.000327472
         524   0.0458838   0.0484439 0.000326883
         525   0.0542272   0.0484549 0.000326446
         526   0.0552707   0.0484679 0.000326083
         527   0.0529134   0.0484763 0.000325573
         528   0.0668173   0.0485111 0.000326804
         529   0.0580947   0.0485292 0.000326688
         530   0.0451649   0.0485228 0.000326134
         531   0.0433379   0.0485131 0.000325666
         532   0.0447925   0.0485061 0.000325129
         533   0.0496303   0.0485082 0.000324525
         534   0.0479493   0.0485071 0.000323919
         535   0.0555047   0.0485202 0.000323578
         536   0.0635734   0.0485483 0.000324191
         537   0.0539724   0.0485584 0.000323744
         538   0.0509192   0.0485628 0.000323172
         539   0.0415677   0.0485498 0.000322833
         540   0.0390877   0.0485323  0.00032271
         541   0.0441217   0.0485241 0.000322217
         542   0.0475125   0.0485223 0.000321628
         543   0.0447344   0.0485153 0.000321111
         544   0.0510432   0.0485199 0.000320554
         545   0.0442816   0.0485122 0.000320061
         546   0.0456268   0.0485069 0.000319518
         547   0.0527471   0.0485146 0.000319028
         548   0.0594194   0.0485345 0.000319066
         549   0.0591985    0.048554 0.000319075
         550   0.0514512   0.0485592 0.000318539
         551   0.0454299   0.0485535 0.000318011
         552   0.0443196   0.0485459 0.000317528
         553   0.0483439   0.0485455 0.000316954
         554   0.0416732   0.0485331 0.000316624
         555   0.0621872   0.0485577 0.000317008
         556   0.0584249   0.0485754 0.000316934
         557   0.0538496   0.0485849 0.000316507
         558   0.0436687   0.0485761 0.000316062
         559   0.0474474   0.0485741 0.000315503
         560   0.0410547   0.0485607 0.000315225
         561   0.0389677   0.0485436 0.000315127
         562   0.0517471   0.0485493 0.000314618
         563   0.0503662   0.0485525 0.000314075
         564   0.0520561   0.0485587  0.00031358
         565   0.0466933   0.0485554 0.000313042
         566   0.0489889   0.0485562  0.00031249
         567   0.0461747    0.048552 0.000311967
         568   0.0547288   0.0485628 0.000311607
         569   0.0426804   0.0485525 0.000311231
         570   0.0568255    0.048567 0.000311024
         571   0.0676848   0.0486005 0.000312276
         572   0.0410273   0.0485873  0.00031201
         573   0.0445957   0.0485803 0.000311544
         574   0.0664294   0.0486114 0.000312549
         575    0.077176   0.0486611 0.000315929
         576   0.0535695   0.0486696 0.000315495
         577     0.05343   0.0486778 0.000315056
         578   0.0583561   0.0486946 0.000314956
         579   0.0653822   0.0487234 0.000315728
         580   0.0768174   0.0487718 0.000318877
         581   0.0770934   0.0488206 0.000322033
         582   0.0576115   0.0488357 0.000321833
         583   0.0477705   0.0488339 0.000321287
         584   0.0540416   0.0488428  0.00032086
         585   0.0401812    0.048828 0.000320653
         586   0.0657498   0.0488569 0.000321404
         587   0.0555307   0.0488682 0.000321057
         588    0.054414   0.0488777  0.00032065
         589   0.0460134   0.0488728 0.000320142
         590   0.0392004   0.0488564 0.000320019
         591   0.0369456   0.0488362 0.000320111
         592    0.047488    0.048834 0.000319579
         593   0.0384516   0.0488165 0.000319519
         594   0.0538597   0.0488249 0.000319094
         595    0.054031   0.0488337 0.000318678
         596   0.0519967    0.048839 0.000318187
         597   0.0457751   0.0488339 0.000317695
         598   0.0424392   0.0488232 0.000317344
         599   0.0425864   0.0488128 0.000316985
         600   0.0410725   0.0487999 0.000316719
         601   0.0457866   0.0487949 0.000316232
         602   0.0385328   0.0487778 0.000316166
         603   0.0362667   0.0487571 0.000316321
         604    0.044082   0.0487493 0.000315892
         605   0.0400891    0.048735 0.000315694
         606   0.0473926   0.0487328 0.000315181
         607   0.0491097   0.0487334 0.000314663
         608   0.0372614   0.0487145  0.00031471
         609   0.0452074   0.0487088 0.000314246
         610   0.0366738   0.0486891  0.00031435
         611   0.0429043   0.0486796 0.000313978
         612    0.056904    0.048693 0.000313752
         613   0.0518251   0.0486981 0.000313282
         614   0.0528239   0.0487049 0.000312844
         615   0.0508932   0.0487084 0.000312355
         616   0.0561823   0.0487205 0.000312084
         617   0.0465044    0.048717 0.000311599
         618   0.0697215   0.0487509 0.000312943
         619   0.0490559   0.0487514 0.000312437
         620   0.0482005   0.0487505 0.000311935
         621   0.0408322   0.0487378 0.000311693
         622   0.0506744   0.0487409 0.000311207
         623   0.0372455   0.0487225 0.000311254
         624    0.037203    0.048704 0.000311303
         625   0.0426298   0.0486943 0.000310956
         626   0.0420702   0.0486837 0.000310639
         627   0.0517969   0.0486887 0.000310184
         628   0.0489949   0.0486891  0.00030969
         629   0.0403387   0.0486759 0.000309482
         630   0.0452033   0.0486704  0.00030904
         631   0.0474982   0.0486685 0.000308556
         632   0.0365613   0.0486493 0.000308662
         633   0.0584424   0.0486648 0.000308562
         634   0.0624887   0.0486866 0.000308844
         635     0.05601   0.0486982 0.000308573
         636   0.0599138   0.0487158 0.000308592
         637   0.0487565   0.0487158 0.000308107
         638     0.04594   0.0487115 0.000307655
         639   0.0374725   0.0486939 0.000307676
         640   0.0457383   0.0486893  0.00030723
         641    0.052709   0.0486956 0.000306814
         642   0.0493861   0.0486966 0.000306338
         643   0.0405636    0.048684 0.000306123
         644   0.0449005   0.0486781 0.000305704
         645   0.0532979   0.0486853 0.000305314
         646   0.0412936   0.0486738 0.000305056
         647   0.0461458   0.0486699 0.000304609
         648   0.0432686   0.0486616 0.000304253
         649   0.0408913   0.0486496  0.00030402
         650   0.0495433    0.048651 0.000303555
         651   0.0557933    0.048662 0.000303287
         652    0.046902   0.0486593 0.000302834
         653   0.0590375   0.0486752 0.000302787
         654   0.0763297   0.0487174 0.000305262
         655   0.0597508   0.0487343 0.000305261
         656   0.0488613   0.0487345 0.000304795
         657   0.0523761     0.04874 0.000304382
         658   0.0590099   0.0487556 0.000304319
         659   0.0518842   0.0487604 0.000303894
         660   0.0423477   0.0487507 0.000303589
         661   0.0369135   0.0487328 0.000303658
         662   0.0507805   0.0487359 0.000303215
         663   0.0656556   0.0487614 0.000303829
         664   0.0541327   0.0487695  0.00030348
         665   0.0554076   0.0487794 0.000303187
         666   0.0440573   0.0487724 0.000302815
         667   0.0467895   0.0487694 0.000302376
         668   0.0407143   0.0487573 0.000302163
         669   0.0478322   0.0487559 0.000301715
         670   0.0425471   0.0487467 0.000301407
         671   0.0388445   0.0487319 0.000301319
         672   0.0358681   0.0487128 0.000301478
         673   0.0417964   0.0487025 0.000301205
         674   0.0441433   0.0486957 0.000300834
         675   0.0459038   0.0486916 0.000300417
         676   0.0473143   0.0486896 0.000299979
         677    0.056903   0.0487017 0.000299781
         678   0.0357488   0.0486826 0.000299947
         679   0.0413623   0.0486718 0.000299699
         680   0.0394687   0.0486583 0.000299564
         681   0.0410305   0.0486471 0.000299333
         682   0.0426774   0.0486383 0.000299022
         683   0.0566683   0.0486501 0.000298816
         684   0.0466908   0.0486472 0.000298392
         685   0.0457345    0.048643 0.000297987
         686   0.0584147   0.0486572 0.000297893
         687   0.0541417   0.0486652 0.000297566
         688   0.0418195   0.0486552   0.0002973
         689    0.040158   0.0486429 0.000297124
         690   0.0496232   0.0486443 0.000296697
         691   0.0600721   0.0486609 0.000296728
         692   0.0700087   0.0486917 0.000297899
         693   0.0527086   0.0486975 0.000297525
         694   0.0580601    0.048711 0.000297402
         695   0.0531642   0.0487174 0.000297043
         696    0.042306   0.0487082 0.000296759
         697   0.0434047   0.0487006 0.000296431
         698   0.0494166   0.0487016 0.000296008
         699   0.0421468   0.0486922 0.000295733
         700   0.0440401   0.0486856 0.000295386
         701   0.0480235   0.0486846 0.000294966
         702   0.0472047   0.0486825 0.000294553
         703   0.0488854   0.0486828 0.000294134
         704   0.0620384   0.0487018 0.000294328
         705   0.0542152   0.0487096 0.000294014
         706   0.0502791   0.0487118 0.000293606
         707   0.0500358   0.0487137 0.000293197
         708   0.0367064   0.0486967 0.000293273
         709   0.0356488   0.0486783 0.000293436
         710    0.051806   0.0486827 0.000293056
         711   0.0510334   0.0486861 0.000292662
         712   0.0450609    0.048681 0.000292295
         713   0.0398801   0.0486686 0.000292146
         714   0.0414996   0.0486586 0.000291909
         715    0.036762   0.0486419 0.000291975
         716   0.0423173   0.0486331   0.0002917
         717   0.0408798   0.0486223 0.000291494
         718   0.0438949   0.0486157 0.000291162
         719   0.0600235   0.0486316 0.000291189
         720   0.0613778   0.0486493 0.000291323
         721    0.053541   0.0486561 0.000290998
         722   0.0420393   0.0486469 0.000290739
         723   0.0368765   0.0486306 0.000290792
         724   0.0416098   0.0486209 0.000290552
         725   0.0395418   0.0486084 0.000290421
         726   0.0510404   0.0486117  0.00029004
         727   0.0453203   0.0486072 0.000289677
         728   0.0409884   0.0485968 0.000289468
         729   0.0447602   0.0485915 0.000289119
         730   0.0474958     0.04859 0.000288726
         731   0.0546371   0.0485983  0.00028845
         732   0.0384254   0.0485844  0.00028839
         733   0.0483307    0.048584 0.000287997
         734   0.0383899   0.0485701  0.00028794
         735   0.0487441   0.0485704 0.000287548
         736   0.0500284   0.0485724 0.000287164
         737   0.0586109    0.048586 0.000287097
         738   0.0461713   0.0485827 0.000286727
         739   0.0525595   0.0485881 0.000286389
         740   0.0426855   0.0485801 0.000286113
         741   0.0477061   0.0485789  0.00028573
         742   0.0594953   0.0485936 0.000285723
         743   0.0587403   0.0486073 0.000285665
         744   0.0479047   0.0486063 0.000285282
         745   0.0423616    0.048598 0.000285023
         746   0.0438448   0.0485916 0.000284712
         747   0.0499892   0.0485935 0.000284337
         748   0.0463824   0.0485905 0.000283972
         749   0.0552243   0.0485994 0.000283731
         750   0.0379817   0.0485852 0.000283706
         751   0.0371465     0.04857 0.000283736
         752   0.0529128   0.0485758 0.000283418
         753   0.0481807   0.0485752 0.000283042
         754   0.0454259   0.0485711 0.000282697
         755   0.0369812   0.0485557 0.000282739
         756   0.0390922   0.0485432 0.000282642
         757   0.0437446   0.0485368  0.00028234
         758   0.0501753    0.048539 0.000281976
         759   0.0479117   0.0485382 0.000281606
         760    0.054926   0.0485466  0.00028136
         761   0.0479635   0.0485458 0.000280992
         762   0.0478916    0.048545 0.000280624
         763   0.0593939   0.0485592 0.000280616
         764    0.044399   0.0485537 0.000280302
         765   0.0465841   0.0485512 0.000279947
         766   0.0364886   0.0485354 0.000280025
         767   0.0502736   0.0485377 0.000279669
         768   0.0497098   0.0485392 0.000279309
         769   0.0361352   0.0485231 0.000279411
         770    0.052201   0.0485279 0.000279089
         771   0.0567981   0.0485386 0.000278933
         772   0.0441364   0.0485329  0.00027863
         773    0.055676   0.0485421 0.000278423
         774    0.037059   0.0485273 0.000278458
         775   0.0472926   0.0485257 0.000278103
         776   0.0402816   0.0485151 0.000277948
         777   0.0389797   0.0485028 0.000277861
         778    0.050071   0.0485048 0.000277511
         779   0.0474939   0.0485035 0.000277158
         780   0.0499477   0.0485054 0.000276808
         781    0.057568    0.048517 0.000276697
         782   0.0514508   0.0485207 0.000276369
         783   0.0573107   0.0485319 0.000276244
         784   0.0486858   0.0485321 0.000275891
         785   0.0511666   0.0485355  0.00027556
         786   0.0479009   0.0485347 0.000275211
         787   0.0484871   0.0485346 0.000274861
         788   0.0517039   0.0485386 0.000274542
         789   0.0471321   0.0485369   0.0002742
         790    0.065129   0.0485579 0.000274656
         791   0.0729795   0.0485887 0.000276038
         792   0.0630134    0.048607  0.00027629
         793   0.0403933   0.0485966 0.000276136
         794   0.0529259   0.0486021 0.000275842
         795   0.0420228   0.0485938 0.000275619
         796   0.0463517    0.048591 0.000275287
         797   0.0409667   0.0485814 0.000275108
         798   0.0562663    0.048591 0.000274932
         799   0.0450166   0.0485865 0.000274624
         800   0.0433531     0.04858 0.000274358
         801    0.048757   0.0485802 0.000274016
         802   0.0549079   0.0485881 0.000273788
         803    0.048713   0.0485883 0.000273447
         804   0.0526539   0.0485933 0.000273154
         805   0.0489262   0.0485937 0.000272815
         806    0.051393   0.0485972 0.000272498
         807   0.0555533   0.0486058 0.000272297
         808   0.0591971   0.0486189 0.000272275
         809   0.0487681   0.0486191 0.000271939
         810   0.0451765   0.0486149 0.000271636
         811   0.0646667   0.0486347 0.000272021
         812   0.0581879   0.0486464 0.000271941
         813   0.0625502   0.0486635 0.000272143
         814   0.0558705   0.0486724 0.000271953
         815   0.0386968   0.0486602 0.000271895
         816   0.0538598   0.0486665 0.000271636
         817    0.041646   0.0486579  0.00027144
         818   0.0466078   0.0486554 0.000271119
         819   0.0607229   0.0486702 0.000271188
         820   0.0495288   0.0486712  0.00027086
         821   0.0430459   0.0486644 0.000270616
         822   0.0468744   0.0486622 0.000270296
         823   0.0425124   0.0486547 0.000270071
         824   0.0443542   0.0486495 0.000269793
         825   0.0426998   0.0486423 0.000269563
         826   0.0362865   0.0486273 0.000269651
         827    0.037496   0.0486139 0.000269661
         828   0.0339314   0.0485961 0.000269918
         829   0.0442431   0.0485909 0.000269643
         830   0.0529495   0.0485961 0.000269369
         831   0.0600513   0.0486099 0.000269398
         832   0.0552917   0.0486179 0.000269194
         833   0.0609578   0.0486328 0.000269278
         834   0.0612667   0.0486479 0.000269381
         835   0.0418026   0.0486397 0.000269183
         836   0.0401975   0.0486296  0.00026905
         837   0.0663527   0.0486508  0.00026956
         838   0.0513085    0.048654 0.000269257
         839   0.0447166   0.0486493 0.000268977
         840   0.0533646   0.0486549 0.000268716
         841   0.0607574   0.0486693 0.000268781
         842   0.0519929   0.0486732 0.000268491
         843   0.0540916   0.0486796  0.00026825
         844   0.0392298   0.0486684 0.000268165
         845   0.0372896    0.048655 0.000268186
         846   0.0418206   0.0486469  0.00026799
         847   0.0461856    0.048644  0.00026769
         848   0.0514497   0.0486473 0.000267395
         849   0.0405806   0.0486378 0.000267248
         850   0.0464693   0.0486352 0.000266946
         851   0.0507845   0.0486378 0.000266644
         852   0.0454531    0.048634 0.000266358
         853   0.0415625   0.0486257 0.000266174
         854   0.0531764   0.0486311 0.000265916
         855   0.0424534   0.0486238 0.000265703
         856   0.0440276   0.0486185 0.000265447
         857   0.0488436   0.0486187 0.000265137
         858   0.0383398   0.0486068 0.000265099
         859   0.0376508    0.048594 0.000265097
         860   0.0451126     0.04859  0.00026482
         861   0.0465806   0.0485876 0.000264522
         862   0.0466415   0.0485854 0.000264225
         863   0.0482421    0.048585 0.000263919
         864   0.0663442   0.0486055 0.000264413
         865   0.0589458   0.0486175 0.000264377
         866   0.0568151   0.0486269 0.000264241
         867   0.0389889   0.0486158  0.00026417
         868   0.0409886    0.048607 0.000264012
         869   0.0466183   0.0486048 0.000263718
         870   0.0459682   0.0486017 0.000263433
         871   0.0400584   0.0485919 0.000263313
         872   0.0446406   0.0485874  0.00026305
         873   0.0468038   0.0485853 0.000262756
         874   0.0593542   0.0485977 0.000262744
         875   0.0481773   0.0485972 0.000262445
         876   0.0380414   0.0485851 0.000262421
         877   0.0454783   0.0485816 0.000262146
         878   0.0585023   0.0485929 0.000262091
         879   0.0446402   0.0485884 0.000261831
         880    0.040203   0.0485789 0.000261707
         881   0.0387748   0.0485677 0.000261647
         882   0.0493638   0.0485686 0.000261352
         883   0.0451716   0.0485648 0.000261084
         884   0.0421368   0.0485575  0.00026089
         885    0.041125   0.0485491  0.00026073
         886   0.0432875   0.0485432 0.000260503
         887   0.0532891   0.0485485 0.000260265
         888   0.0544691   0.0485552 0.000260057
         889   0.0619071   0.0485702 0.000260198
         890   0.0579012   0.0485807 0.000260117
         891   0.0506602    0.048583 0.000259835
         892   0.0471549   0.0485814 0.000259549
         893   0.0575137   0.0485914 0.000259451
         894   0.0597093   0.0486039 0.000259458
         895   0.0537248   0.0486096 0.000259232
         896   0.0530842   0.0486146  0.00025899
         897   0.0463648   0.0486121 0.000258714
         898   0.0505998   0.0486143 0.000258435
         899   0.0582963   0.0486251 0.000258372
         900   0.0537086   0.0486307 0.000258147
         901   0.0428459   0.0486243  0.00025794
         902   0.0504202   0.0486263 0.000257662
         903   0.0492147   0.0486269 0.000257377
         904   0.0461773   0.0486242 0.000257107
         905   0.0478238   0.0486233 0.000256824
         906   0.0582642    0.048634 0.000256761
         907   0.0437038   0.0486285 0.000256535
         908   0.0461643   0.0486258 0.000256267
         909   0.0665264   0.0486455 0.000256741
         910   0.0504885   0.0486475 0.000256467
         911   0.0535215   0.0486529 0.000256241
         912   0.0459488   0.0486499 0.000255977
         913   0.0448363   0.0486458 0.000255731
         914   0.0445423   0.0486413 0.000255491
         915   0.0535223   0.0486466 0.000255267
         916   0.0435799   0.0486411 0.000255048
         917   0.0384259   0.0486299 0.000255013
         918   0.0574384   0.0486395 0.000254916
         919    0.064072   0.0486563 0.000255191
         920   0.0616975   0.0486705 0.000255307
         921    0.047016   0.0486687 0.000255036
         922   0.0364664   0.0486555 0.000255103
         923   0.0439228   0.0486503 0.000254878
         924   0.0546634   0.0486568 0.000254685
         925   0.0672076   0.0486769 0.000255198
         926   0.0497689   0.0486781 0.000254925
         927    0.040565   0.0486693   0.0002548
         928   0.0654579   0.0486874 0.000255167
         929   0.0484695   0.0486872 0.000254893
         930   0.0525522   0.0486913 0.000254653
         931   0.0575164   0.0487008 0.000254555
         932    0.046265   0.0486982 0.000254296
         933   0.0443376   0.0486935 0.000254066
         934   0.0401524   0.0486844 0.000253959
         935   0.0442332   0.0486796 0.000253732
         936   0.0534762   0.0486847 0.000253512
         937   0.0566116   0.0486932 0.000253383
         938   0.0469332   0.0486913  0.00025312
         939   0.0394067   0.0486814 0.000253043
         940   0.0467573   0.0486794 0.000252782
         941   0.0400823   0.0486703 0.000252679
         942   0.0568075   0.0486789 0.000252558
         943   0.0440236    0.048674 0.000252338
         944   0.0629444   0.0486891 0.000252524
         945   0.0508858   0.0486914 0.000252267
         946   0.0437239   0.0486862 0.000252055
         947   0.0491745   0.0486867 0.000251789
         948   0.0603768    0.048699 0.000251826
         949   0.0411529    0.048691 0.000251686
         950   0.0504686   0.0486929 0.000251428
         951   0.0424193   0.0486863  0.00025125
         952   0.0511618   0.0486889 0.000250999
         953   0.0377839   0.0486775 0.000250997
         954   0.0526573   0.0486817 0.000250768
         955   0.0417512   0.0486744 0.000250611
         956   0.0385345   0.0486638 0.000250573
         957   0.0553899   0.0486708  0.00025041
         958   0.0416047   0.0486634 0.000250257
         959    0.046433   0.0486611 0.000250007
         960   0.0420189   0.0486542 0.000249842
         961   0.0387863   0.0486439 0.000249793
         962   0.0476714   0.0486429 0.000249535
         963   0.0401949   0.0486341  0.00024943
         964   0.0417302    0.048627 0.000249274
         965   0.0432012   0.0486214 0.000249079
         966   0.0514839   0.0486243 0.000248839
         967   0.0484885   0.0486242 0.000248582
         968   0.0555714   0.0486314 0.000248429
         969   0.0571223   0.0486401 0.000248327
         970   0.0624595   0.0486544 0.000248479
         971   0.0754198   0.0486819 0.000249748
         972   0.0583643   0.0486919 0.000249689
         973   0.0509184   0.0486942 0.000249443
         974   0.0540246   0.0486997 0.000249247
         975   0.0527733   0.0487038 0.000249026
         976   0.0449889      0.0487   0.0002488
         977   0.0550334   0.0487065  0.00024863
         978   0.0459201   0.0487037 0.000248392
         979    0.043732   0.0486986  0.00024819
         980   0.0468937   0.0486967 0.000247944
         981   0.0501191   0.0486982 0.000247695
         982   0.0486858   0.0486982 0.000247443
         983   0.0521048   0.0487016 0.000247216
         984   0.0498448   0.0487028 0.000246967
         985   0.0482717   0.0487024 0.000246717
         986   0.0504584   0.0487041 0.000246473
         987   0.0722625    0.048728 0.000247376
         988   0.0713046   0.0487509 0.000248179
         989   0.0432957   0.0487454  0.00024799
         990   0.0548809   0.0487515 0.000247816
         991    0.043987   0.0487467 0.000247613
         992   0.0480741   0.0487461 0.000247364
         993   0.0523942   0.0487497 0.000247142
         994   0.0600265   0.0487611 0.000247154
         995   0.0519744   0.0487643 0.000246927
         996   0.0413344   0.0487569 0.000246792
         997   0.0459332    0.048754  0.00024656
         998   0.0403413   0.0487456 0.000246457
         999   0.0531243     0.04875  0.00024625
        1000   0.0571502   0.0487584 0.000246147
        1001   0.0424078    0.048752 0.000245982
        1002   0.0396449   0.0487429 0.000245905
        1003   0.0523008   0.0487465 0.000245685
        1004   0.0504136   0.0487481 0.000245446
        1005   0.0505773     0.04875 0.000245209
        1006    0.043775    0.048745 0.000245015
        1007   0.0380914   0.0487344    0.000245
        1008   0.0452496    0.048731 0.000244781
        1009   0.0439039   0.0487262 0.000244585
        1010    0.050793   0.0487282 0.000244352
        1011   0.0441016   0.0487237 0.000244153
        1012   0.0424961   0.0487175 0.000243989
        1013   0.0437129   0.0487126 0.000243798
        1014   0.0398892   0.0487039 0.000243713
        1015    0.057958    0.048713 0.000243643
        1016   0.0429214   0.0487073  0.00024347
        1017   0.0386614   0.0486974 0.000243431
        1018   0.0421393    0.048691 0.000243277
        1019   0.0467087    0.048689 0.000243046
        1020   0.0387867   0.0486793 0.000243002
        1021   0.0425027   0.0486733 0.000242839
        1022   0.0561645   0.0486806 0.000242712
        1023   0.0633918    0.048695   0.0002429
        1024   0.0494743   0.0486957 0.000242664
        1025    0.056081   0.0487029 0.000242535
        1026   0.0443858   0.0486987 0.000242335
        1027   0.0538598   0.0487038 0.000242151
        1028   0.0527545   0.0487077 0.000241947
        1029   0.0548741   0.0487137 0.000241786
        1030    0.044869     0.04871  0.00024158
        1031     0.04615   0.0487075 0.000241359
        1032   0.0449638   0.0487039 0.000241152
        1033   0.0422147   0.0486976 0.000241001
        1034   0.0416028   0.0486907 0.000240865
        1035   0.0369573   0.0486794 0.000240899
        1036     0.04124   0.0486722 0.000240774
        1037   0.0430079   0.0486667 0.000240603
        1038   0.0456119   0.0486638  0.00024039
        1039   0.0443485   0.0486596 0.000240194
        1040   0.0436948   0.0486549 0.000240011
        1041   0.0511587   0.0486573 0.000239792
        1042   0.0522718   0.0486607 0.000239587
        1043   0.0461251   0.0486583  0.00023937
        1044   0.0522571   0.0486618 0.000239165
        1045   0.0489935   0.0486621 0.000238937
        1046   0.0615846   0.0486744 0.000239027
        1047   0.0544949     0.04868 0.000238864
        1048   0.0576411   0.0486885 0.000238789
        1049   0.0352668   0.0486757 0.000238904
        1050   0.0385417   0.0486661 0.000238871
        1051   0.0477681   0.0486652 0.000238645
        1052    0.041563   0.0486585 0.000238514
        1053   0.0464292   0.0486564 0.000238297
        1054   0.0414729   0.0486495 0.000238168
        1055   0.0424109   0.0486436 0.000238016
        1056   0.0570315   0.0486516 0.000237923
        1057   0.0483573   0.0486513 0.000237698
        1058   0.0463502   0.0486491 0.000237483
        1059   0.0562281   0.0486563 0.000237367
        1060    0.041815   0.0486498 0.000237231
        1061   0.0384564   0.0486402 0.000237201
        1062   0.0415459   0.0486335 0.000237072
        1063   0.0531893   0.0486378 0.000236888
        1064   0.0475129   0.0486368 0.000236668
        1065   0.0714175   0.0486582  0.00023741
        1066   0.0523417   0.0486616 0.000237212
        1067   0.0486021   0.0486616  0.00023699
        1068   0.0603257   0.0486725  0.00023702
        1069   0.0591217   0.0486823    0.000237
        1070   0.0599871   0.0486928 0.000237013
        1071   0.0482647   0.0486924 0.000236792
        1072   0.0480667   0.0486918 0.000236572
        1073   0.0481967   0.0486914 0.000236352
        1074    0.072683   0.0487137 0.000237185
        1075   0.0745474   0.0487377 0.000238179
        1076   0.0523097   0.0487411 0.000237981
        1077   0.0530403   0.0487451 0.000237793
        1078   0.0412852   0.0487381 0.000237674
        1079   0.0385661   0.0487287  0.00023764
        1080   0.0432001   0.0487236 0.000237475
        1081   0.0456163   0.0487207 0.000237273
        1082   0.0409687   0.0487136 0.000237162
        1083   0.0420693   0.0487074 0.000237022
        1084   0.0507328   0.0487093 0.000236811
        1085   0.0524989   0.0487128 0.000236618
        1086    0.041988   0.0487066 0.000236481
        1087   0.0410479   0.0486995 0.000236369
        1088   0.0429075   0.0486942 0.000236212
        1089   0.0442236   0.0486901  0.00023603
        1090   0.0427983   0.0486847 0.000235876
        1091   0.0471817   0.0486833 0.000235663
        1092   0.0460423   0.0486809  0.00023546
        1093   0.0562128   0.0486878 0.000235345
        1094   0.0666301   0.0487042 0.000235701
        1095   0.0637456   0.0487179 0.000235886
        1096   0.0491506   0.0487183 0.000235671
        1097   0.0440048    0.048714 0.000235495
        1098   0.0421299    0.048708 0.000235357
        1099   0.0550536   0.0487138 0.000235214
        1100   0.0449647   0.0487104 0.000235025
        1101   0.0433893   0.0487056 0.000234861
        1102   0.0486523   0.0487055 0.000234648
        1103   0.0497117   0.0487064 0.000234437
        1104   0.0512027   0.0487087 0.000234235
        1105   0.0683542   0.0487265 0.000234697
        1106   0.0626806   0.0487391 0.000234824
        1107   0.0460072   0.0487366 0.000234625
        1108   0.0531046   0.0487406 0.000234446
        1109   0.0462916   0.0487384 0.000234245
        1110   0.0509311   0.0487403 0.000234042
        1111   0.0496321   0.0487411 0.000233833
        1112   0.0516429   0.0487437 0.000233637
        1113   0.0505317   0.0487454 0.000233433
        1114   0.0607006   0.0487561  0.00023347
        1115   0.0517598   0.0487588 0.000233276
        1116   0.0499019   0.0487598 0.000233069
        1117   0.0507957   0.0487616 0.000232868
        1118   0.0426049   0.0487561 0.000232725
        1119   0.0509325   0.0487581 0.000232525
        1120   0.0408741    0.048751 0.000232424
        1121   0.0427403   0.0487457 0.000232278
        1122   0.0600559   0.0487557  0.00023229
        1123   0.0458905   0.0487532 0.000232097
        1124   0.0491311   0.0487535 0.000231891
        1125   0.0484203   0.0487532 0.000231685
        1126    0.046042   0.0487508 0.000231491
        1127   0.0515551   0.0487533 0.000231299
        1128   0.0784126   0.0487796 0.000232584
        1129   0.0582433    0.048788 0.000232529
        1130   0.0569363   0.0487952 0.000232435
        1131   0.0375155   0.0487852 0.000232443
        1132   0.0519703    0.048788 0.000232255
        1133   0.0441286   0.0487839 0.000232087
        1134   0.0581231   0.0487922 0.000232028
        1135   0.0567283   0.0487992 0.000231929
        1136   0.0447874   0.0487956 0.000231752
        1137   0.0396785   0.0487876 0.000231686
        1138   0.0474744   0.0487864 0.000231486
        1139   0.0443596   0.0487826 0.000231315
        1140   0.0476811   0.0487816 0.000231114
        1141   0.0526236    0.048785 0.000230936
        1142   0.0507148   0.0487867  0.00023074
        1143   0.0577584   0.0487945 0.000230672
        1144   0.0461945   0.0487922 0.000230481
        1145   0.0431062   0.0487873 0.000230333
        1146   0.0585182   0.0487958 0.000230289
        1147    0.051737   0.0487983 0.000230102
        1148   0.0529258   0.0488019  0.00022993
        1149      0.0412   0.0487953 0.000229825
        1150   0.0490045   0.0487955 0.000229625
        1151   0.0438281   0.0487912 0.000229466
        1152   0.0521809   0.0487941 0.000229286
        1153    0.044888   0.0487907 0.000229112
        1154   0.0428918   0.0487856 0.000228971
        1155   0.0458754   0.0487831 0.000228786
        1156   0.0527533   0.0487865 0.000228614
        1157   0.0608001   0.0487969 0.000228652
        1158   0.0807793   0.0488245 0.000230117
        1159   0.0459716   0.0488221 0.000229931
        1160   0.0444832   0.0488183 0.000229764
        1161    0.051183   0.0488204 0.000229575
        1162   0.0369098   0.0488101 0.000229606
        1163   0.0431109   0.0488052 0.000229461
        1164   0.0575354   0.0488127 0.000229386
        1165   0.0654458    0.048827 0.000229633
        1166   0.0674123   0.0488429 0.000229989
        1167   0.0426426   0.0488376 0.000229853
        1168   0.0598509    0.048847  0.00022985
        1169   0.0511744    0.048849 0.000229662
        1170   0.0564553   0.0488555 0.000229557
        1171   0.0537327   0.0488597 0.000229399
        1172   0.0573467   0.0488669 0.000229318
        1173   0.0582106   0.0488749  0.00022926
        1174    0.052145   0.0488777 0.000229082
        1175    0.052399   0.0488807 0.000228907
        1176    0.050764   0.0488823 0.000228718
        1177   0.0615591   0.0488931 0.000228777
        1178   0.0496678   0.0488937 0.000228583
        1179   0.0535439   0.0488977 0.000228424
        1180   0.0549035   0.0489028 0.000228287
        1181   0.0418466   0.0488968 0.000228172
        1182    0.048133   0.0488961 0.000227979
        1183   0.0547306   0.0489011  0.00022784
        1184    0.043441   0.0488965 0.000227694
        1185   0.0466313   0.0488945  0.00022751
        1186   0.0413663   0.0488882 0.000227407
        1187   0.0383297   0.0488793 0.000227389
        1188    0.047318    0.048878 0.000227202
        1189   0.0547612   0.0488829 0.000227064
        1190   0.0502303   0.0488841 0.000226876
        1191   0.0473568   0.0488828  0.00022669
        1192   0.0491774    0.048883   0.0002265
        1193   0.0415173   0.0488769 0.000226394
        1194   0.0476379   0.0488758 0.000226207
        1195   0.0495993   0.0488764 0.000226018
        1196   0.0485223   0.0488761 0.000225829
        1197   0.0501899   0.0488772 0.000225643
        1198   0.0543337   0.0488818 0.000225501
        1199   0.0471224   0.0488803 0.000225318
        1200   0.0713175    0.048899 0.000225904
