#     BLOCK:   ACTUAL_P:     P_AVE:       ERROR:
           1     4.31594     4.31594           0
           2     4.96839     4.64217    0.230677
           3     5.80876     5.03103     0.35279
           4     6.25567     5.33719    0.374579
           5     6.93093     5.65594    0.413615
           6     7.38394     5.94394    0.433502
           7     7.47617     6.16283    0.423243
           8     7.49062      6.3288    0.401564
           9     7.43047     6.45121    0.375139
          10     7.64586     6.57068    0.356139
          11     7.60881     6.66505    0.336035
          12     7.87924     6.76623    0.322906
          13      8.1421     6.87207    0.314934
          14     8.54049     6.99124    0.314179
          15     8.08221     7.06397    0.301535
          16      7.9242     7.11774    0.287442
          17     8.20155     7.18149    0.277514
          18     8.34059     7.24589    0.269464
          19     8.79714     7.32753    0.267364
          20     8.57875     7.39009    0.261213
          21     8.47686     7.44184    0.253849
          22     8.38245      7.4846    0.245884
          23     8.20581     7.51595    0.237185
          24     8.12834     7.54147     0.22867
          25     8.35595     7.57405    0.221832
          26     8.27757     7.60111    0.214944
          27     8.63106     7.63925    0.210341
          28     8.69553     7.67698    0.206184
          29     8.69717     7.71216    0.202053
          30     8.79192     7.74815    0.198498
          31     9.32547     7.79903    0.198509
          32     9.31408     7.84638    0.197871
          33     9.27757     7.88975     0.19657
          34      9.1227     7.92601    0.194105
          35     8.78603     7.95058    0.190108
          36     8.76538     7.97321     0.18617
          37      8.2786     7.98147    0.181321
          38      8.6021      7.9978    0.177283
          39     8.40437     8.00823    0.173044
          40     8.52731      8.0212    0.169204
          41     8.84083     8.04119    0.166253
          42     8.57164     8.05382    0.162774
          43     8.64293     8.06752    0.159564
          44     9.01818     8.08913    0.157394
          45     9.14303     8.11255    0.155629
          46     9.53024     8.14337    0.155267
          47      9.4526     8.17122    0.154442
          48     9.79212     8.20499    0.154872
          49      9.4887     8.23119    0.153911
          50     9.41186      8.2548    0.152634
          51     9.20586     8.27345    0.150776
          52      9.3566     8.29428    0.149308
          53     9.54118     8.31781    0.148333
          54     9.76465      8.3446    0.147986
          55     9.83663     8.37173    0.147761
          56     9.84779     8.39809    0.147455
          57      9.5981     8.41914    0.146363
          58     9.67374     8.44077    0.145429
          59     9.20431     8.45371    0.143539
          60     9.51489      8.4714    0.142232
          61     9.69354     8.49143    0.141304
          62     10.1333     8.51792    0.141485
          63     9.83342      8.5388    0.140772
          64     10.0302      8.5621    0.140488
          65     9.93985      8.5833    0.139916
          66     9.91528     8.60348    0.139244
          67     9.65804     8.61922    0.138053
          68     9.73506     8.63563    0.136994
          69     9.64468     8.65025    0.135787
          70     9.82366     8.66701    0.134878
          71     9.67558     8.68122    0.133724
          72     9.68083      8.6951    0.132586
          73     10.1088     8.71447    0.132176
          74     10.5071     8.73869    0.132591
          75     10.1327     8.75728     0.13212
          76     9.90956     8.77244    0.131248
          77     10.0074     8.78848     0.13052
          78      9.6553     8.79959    0.129319
          79     9.63603     8.81018    0.128115
          80     9.80631     8.82263    0.127117
          81     9.71899      8.8337    0.126028
          82     10.0002     8.84792    0.125292
          83     9.79861     8.85938    0.124305
          84     9.90706     8.87185    0.123449
          85     9.72704     8.88191    0.122406
          86     9.82806     8.89291    0.121476
          87     9.81974     8.90357    0.120546
          88      10.064     8.91675    0.119895
          89     9.82427     8.92695    0.118981
          90     9.83595     8.93705    0.118087
          91     9.49695      8.9432    0.116949
          92     9.55066     8.94981    0.115864
          93     9.96453     8.96072    0.115131
          94     10.0733     8.97255    0.114513
          95     10.2866     8.98639     0.11414
          96     9.78436      8.9947    0.113253
          97     9.78074      9.0028    0.112375
          98     9.99635     9.01294    0.111685
          99     10.0174     9.02309    0.111017
         100     10.0021     9.03288    0.110338
         101     9.50467     9.03755    0.109344
         102     9.45784     9.04167     0.10835
         103     9.07218     9.04196    0.107298
         104     9.23044     9.04378    0.106282
         105      9.2484     9.04572    0.105287
         106     9.26346     9.04778    0.104314
         107      9.7133       9.054    0.103524
         108     9.84517     9.06132    0.102825
         109     9.21998     9.06278    0.101892
         110     9.47243      9.0665    0.101033
         111     9.30767     9.06868    0.100147
         112     9.19801     9.06983    0.099259
         113      9.8258     9.07652   0.0986058
         114     9.78672     9.08275   0.0979374
         115     9.87366     9.08963    0.097327
         116     9.39872     9.09229   0.0965244
         117     10.1087     9.10098   0.0960895
         118     9.94031     9.10809   0.0955381
         119     9.55081     9.11181   0.0948077
         120     9.51373     9.11516   0.0940768
         121     9.57787     9.11899    0.093377
         122     9.38819     9.12119   0.0926376
         123     9.49178     9.12421   0.0919335
         124     9.45449     9.12687   0.0912307
         125     9.89773     9.13304    0.090709
         126     10.6113     9.14477   0.0907446
         127     10.2217     9.15325   0.0904254
         128     10.1613     9.16112   0.0900612
         129      10.192     9.16912   0.0897169
         130     10.2241     9.17723   0.0893931
         131     10.4257     9.18676   0.0892173
         132     10.4449     9.19629   0.0890491
         133     10.5644     9.20658   0.0889717
         134     10.2118     9.21408   0.0886234
         135     10.0505     9.22028   0.0881833
         136     9.97409     9.22582   0.0877089
         137      10.144     9.23252   0.0873243
         138     10.4378     9.24126   0.0871272
         139     10.3248     9.24905   0.0868484
         140     10.9143     9.26095   0.0870389
         141     10.6296     9.27065   0.0869612
         142     10.4236     9.27877   0.0867269
         143     10.2427     9.28551    0.086382
         144     10.1783     9.29171   0.0860043
         145     10.0216     9.29675   0.0855584
         146     10.0362     9.30181   0.0851222
         147     10.0941      9.3072   0.0847135
         148     9.98879     9.31181   0.0842662
         149     9.97806     9.31628   0.0838193
         150     10.1753       9.322   0.0834558
         151     10.1469     9.32747   0.0830818
         152     10.4768     9.33503   0.0828786
         153     10.2367     9.34092   0.0825461
         154     9.97481     9.34504   0.0821127
         155     9.54408     9.34632    0.081593
         156     9.81366     9.34932   0.0811249
         157      9.7967     9.35217   0.0806582
         158     9.64587     9.35403   0.0801691
         159     9.79063     9.35677    0.079712
         160     9.72482     9.35907   0.0792469
         161     9.88934     9.36237   0.0788231
         162     9.46004     9.36297   0.0783389
         163     9.89249     9.36622   0.0779256
         164      9.9447     9.36974   0.0775302
         165     10.0308     9.37375   0.0771638
         166     9.68945     9.37565   0.0767224
         167     9.52786     9.37656   0.0762684
         168     9.66893      9.3783   0.0758343
         169     9.63102      9.3798   0.0754003
         170     10.0091      9.3835   0.0750476
         171      9.7047     9.38538   0.0746322
         172     9.63513     9.38683   0.0742124
         173     9.65846      9.3884      0.0738
         174      9.5643     9.38941   0.0733828
         175      9.5577     9.39037   0.0729698
         176      9.9648     9.39364   0.0726281
         177     10.3373     9.39897   0.0724132
         178     10.2729     9.40388   0.0721727
         179     10.5687     9.41039   0.0720622
         180     10.5077     9.41648   0.0719193
         181     9.97896     9.41959   0.0715891
         182     9.75692     9.42144   0.0712197
         183       9.823     9.42364   0.0708643
         184     9.37292     9.42336   0.0704797
         185     9.74674     9.42511   0.0701204
         186     9.75845      9.4269   0.0697663
         187     9.55727      9.4276   0.0693967
         188     9.85928      9.4299   0.0690656
         189     10.1751     9.43384   0.0688126
         190     10.3578      9.4387    0.068622
         191     9.86503     9.44093    0.068299
         192     9.88061     9.44322   0.0679817
         193     9.70904      9.4446   0.0676434
         194     9.20131     9.44335   0.0673064
         195     9.83478     9.44535   0.0669911
         196     9.84889     9.44741    0.066681
         197     9.49521     9.44766   0.0663429
         198     8.95146     9.44515   0.0660552
         199     9.62652     9.44606   0.0657295
         200      9.3379     9.44552   0.0654031
         201      8.9408     9.44301   0.0651259
         202     8.84217     9.44003   0.0648714
         203     9.12308     9.43847   0.0645706
         204      9.4191     9.43838   0.0642541
         205     9.36737     9.43803   0.0639416
         206     9.52265     9.43844   0.0636326
         207     9.33841     9.43796    0.063327
         208     9.46977     9.43811   0.0630227
         209     9.86695     9.44016   0.0627546
         210     9.78087     9.44179   0.0624767
         211     9.80592     9.44351   0.0622044
         212     9.79185     9.44516   0.0619327
         213     10.2689     9.44902   0.0617626
         214     10.0701     9.45193   0.0615421
         215     9.61034     9.45266   0.0612603
         216     9.85442     9.45452   0.0610049
         217     9.62826     9.45532   0.0607291
         218     9.62477      9.4561   0.0604555
         219      9.5491     9.45652   0.0601809
         220     9.67047      9.4575   0.0599152
         221     9.88205     9.45942   0.0596749
         222     9.44948     9.45937   0.0594061
         223     9.37485     9.45899   0.0591409
         224     9.69899     9.46007   0.0588866
         225     9.25445     9.45915    0.058632
         226     9.30145     9.45845   0.0583767
         227     9.17453      9.4572   0.0581329
         228     9.51329     9.45745   0.0578785
         229     9.29097     9.45672   0.0576303
         230     9.18207     9.45553   0.0573921
         231     9.40628     9.45532    0.057144
         232     9.05592     9.45359   0.0569236
         233     9.17672     9.45241   0.0566917
         234     8.94357     9.45023   0.0564912
         235     8.92399     9.44799   0.0562951
         236     8.81331      9.4453   0.0561208
         237     8.58262     9.44166   0.0560019
         238     8.83443     9.43911   0.0558247
         239     9.10049     9.43769   0.0556091
         240     9.27446     9.43701   0.0553816
         241     9.00633     9.43523   0.0551806
         242     9.29354     9.43464   0.0549557
         243     9.58235     9.43525   0.0547329
         244     9.68864     9.43629   0.0545184
         245     9.42087     9.43622   0.0542959
         246     8.92612     9.43415   0.0541148
         247     9.25291     9.43342   0.0539007
         248     9.10781      9.4321   0.0536993
         249     9.48479     9.43232   0.0534841
         250     9.38218     9.43212   0.0532705
         251     9.24329     9.43136   0.0530636
         252     9.09498     9.43003   0.0528698
         253     9.16239     9.42897   0.0526714
         254     9.50817     9.42928    0.052465
         255     9.53325     9.42969   0.0522608
         256     9.50887        9.43   0.0520576
         257     9.52626     9.43037   0.0518564
         258     9.77476     9.43171   0.0516726
         259     9.75699     9.43296   0.0514883
         260     9.64693     9.43379   0.0512969
         261     9.64055     9.43458   0.0511064
         262     9.72569     9.43569   0.0509235
         263     9.48894     9.43589   0.0507302
         264     10.0698     9.43829   0.0505949
         265     10.0693     9.44068   0.0504599
         266      10.226     9.44363   0.0503565
         267     10.2948     9.44682   0.0502687
         268     10.6888     9.45145   0.0502943
         269     10.2869     9.45456   0.0502032
         270     9.77767     9.45575   0.0500315
         271      9.8519     9.45721   0.0498682
         272     9.83825     9.45861   0.0497045
         273     9.62397     9.45922   0.0495262
         274     9.32994     9.45875   0.0493477
         275     9.22762     9.45791   0.0491754
         276     9.55112     9.45825   0.0489984
         277     9.51782     9.45846   0.0488219
         278     9.54877     9.45879   0.0486474
         279     8.99921     9.45714   0.0485009
         280     9.35486     9.45677   0.0483291
         281     9.29968     9.45621   0.0481603
         282     9.76235      9.4573   0.0480018
         283     9.80453     9.45853   0.0478478
         284     9.51194     9.45872   0.0476797
         285     9.48894     9.45882   0.0475125
         286     9.26869     9.45816   0.0473511
         287     9.65689     9.45885   0.0471911
         288     9.17277     9.45786   0.0470377
         289     9.90869     9.45942   0.0469008
         290     9.74818     9.46041   0.0467497
         291     9.85669     9.46177   0.0466089
         292     9.62585     9.46233   0.0464526
         293      9.4896     9.46243   0.0462942
         294     9.81094     9.46361   0.0461519
         295     9.86756     9.46498   0.0460158
         296     9.86633     9.46634   0.0458803
         297     9.71453     9.46717   0.0457334
         298     9.53396      9.4674   0.0455805
         299      9.3363     9.46696   0.0454301
         300      9.1489      9.4659   0.0452911
         301     9.33698     9.46547   0.0451426
         302     9.29237      9.4649   0.0449968
         303      8.7337     9.46248    0.044913
         304     8.61634      9.4597   0.0448514
         305     8.91067      9.4579   0.0447404
         306     8.95224     9.45625   0.0446247
         307     8.94049     9.45457    0.044511
         308     8.68216     9.45206   0.0444371
         309     9.17849     9.45118   0.0443021
         310     9.20438     9.45038   0.0441663
         311     9.11897     9.44931   0.0440372
         312     9.20208     9.44852   0.0439031
         313     9.30717     9.44807   0.0437652
         314     8.86868     9.44622   0.0436647
         315     8.49611     9.44321   0.0436301
         316     8.89169     9.44146    0.043527
         317     8.22256     9.43762   0.0435592
         318     8.39387     9.43434   0.0435457
         319     8.54325     9.43154   0.0434987
         320     8.91326     9.42992   0.0433929
         321     9.29148     9.42949   0.0432598
         322     9.29186     9.42906   0.0431276
         323      9.3894     9.42894   0.0429942
         324     9.54142     9.42929   0.0428629
         325     9.38136     9.42914   0.0427313
         326     8.89305      9.4275   0.0426319
         327     8.55871     9.42484   0.0425842
         328     8.81944     9.42299   0.0424944
         329     8.93706     9.42152   0.0423909
         330     9.10849     9.42057    0.042273
         331     9.04057     9.41942   0.0421609
         332     9.04216     9.41828   0.0420492
         333     8.88114     9.41667   0.0419539
         334     8.83694     9.41494   0.0418641
         335     8.71503     9.41285   0.0417913
         336     8.41564     9.40988   0.0417721
         337     9.02142     9.40873   0.0416641
         338       9.187     9.40807    0.041546
         339     9.34832     9.40789   0.0414238
         340     9.09199     9.40696   0.0413124
         341     8.90208     9.40548   0.0412178
         342     8.84448     9.40384   0.0411299
         343     8.70125     9.40179   0.0410609
         344     8.44002       9.399   0.0410366
         345     8.79568     9.39725   0.0409549
         346     8.77065     9.39544   0.0408766
         347     8.81536     9.39377    0.040793
         348     8.89588     9.39234   0.0407008
         349     9.68256     9.39317   0.0405927
         350     9.65987     9.39393   0.0404839
         351     10.0638     9.39584   0.0404135
         352     10.1963     9.39811   0.0403626
         353     10.2588     9.40055   0.0403218
         354     10.1413     9.40264   0.0402622
         355     10.4012     9.40546   0.0402469
         356     10.4007     9.40825   0.0402309
         357     9.75447     9.40922   0.0401298
         358      9.7512     9.41018   0.0400291
         359     9.50547     9.41044   0.0399185
         360     9.17247     9.40978   0.0398131
         361     8.75976     9.40798   0.0397435
         362     9.08005     9.40708    0.039644
         363     9.10755     9.40625   0.0395434
         364     9.14147     9.40552   0.0394415
         365     9.22187     9.40502   0.0393366
         366     8.79905     9.40336    0.039264
         367     9.06897     9.40245   0.0391675
         368     9.38407      9.4024   0.0390611
         369     9.80975     9.40351   0.0389709
         370     9.60756     9.40406   0.0388695
         371     9.86545      9.4053   0.0387846
         372     10.2238      9.4075   0.0387427
         373     10.4927     9.41041   0.0387479
         374     10.5255     9.41339   0.0387588
         375     10.0863     9.41519    0.038697
         376     10.5442     9.41819   0.0387104
         377     10.5773     9.42126   0.0387296
         378     10.2321     9.42341   0.0386865
         379     10.2978     9.42572   0.0386532
         380     10.5332     9.42863   0.0386612
         381      10.359     9.43107   0.0386367
         382     10.1907     9.43306   0.0385867
         383     10.4959     9.43584   0.0385856
         384     10.0584     9.43746   0.0385192
         385     10.1758     9.43938   0.0384669
         386     10.0958     9.44108   0.0384048
         387     9.83934     9.44211   0.0383193
         388     9.32301      9.4418   0.0382218
         389     9.35443     9.44157   0.0381242
         390     9.70015     9.44224   0.0380322
         391     9.73059     9.44297   0.0379421
         392     9.69068     9.44361   0.0378506
         393     9.57626     9.44394   0.0377558
         394     9.66211      9.4445    0.037664
         395      9.5878     9.44486   0.0375704
         396     9.80663     9.44577   0.0374866
         397     9.43409     9.44574   0.0373922
         398     10.0174     9.44718   0.0373258
         399     10.1418     9.44892   0.0372729
         400      10.042      9.4504   0.0372092
         401     10.5275     9.45309   0.0372132
         402     10.6021     9.45595   0.0372302
         403     10.5277     9.45861   0.0372327
         404     10.2765     9.46063   0.0371955
         405     9.60174     9.46098   0.0371053
         406     9.76002     9.46172   0.0370212
         407     9.45902     9.46171   0.0369303
         408     9.45199     9.46169   0.0368398
         409     9.28078     9.46124   0.0367523
         410     9.75113     9.46195   0.0366695
         411     9.68884      9.4625   0.0365844
         412     10.0731     9.46399   0.0365256
         413     9.71794      9.4646   0.0364424
         414     9.93908     9.46575   0.0363724
         415     9.70653     9.46633   0.0362894
         416     9.48067     9.46636   0.0362021
         417      9.1241     9.46554   0.0361246
         418     9.04917     9.46454   0.0360519
         419     9.18294     9.46387   0.0359722
         420     9.06108     9.46291   0.0358993
         421     8.85276     9.46146   0.0358433
         422     8.85581     9.46003    0.035787
         423     9.34735     9.45976   0.0357034
         424     9.25899     9.45929   0.0356224
         425     9.14661     9.45855   0.0355461
         426     9.42484     9.45847   0.0354628
         427     8.89605     9.45716   0.0354042
         428     8.97076     9.45602   0.0353397
         429     9.09353     9.45518   0.0352674
         430     9.32205     9.45487   0.0351868
         431     9.57903     9.45515   0.0351063
         432     9.44407     9.45513   0.0350251
         433     9.58335     9.45542   0.0349454
         434      9.5297      9.4556   0.0348653
         435      9.7197      9.4562   0.0347905
         436     9.44002     9.45617   0.0347107
         437     9.69373     9.45671   0.0346355
         438     8.98156     9.45562   0.0345734
         439     9.13085     9.45488   0.0345026
         440      8.9065     9.45364   0.0344467
         441     8.83084     9.45223   0.0343975
         442     8.79773     9.45075   0.0343515
         443     8.86513     9.44942   0.0342994
         444     9.25696     9.44899   0.0342249
         445     9.23984     9.44852   0.0341512
         446     9.11652     9.44778   0.0340828
         447     9.28657     9.44741   0.0340084
         448     9.40939     9.44733   0.0339326
         449     9.16567      9.4467   0.0338628
         450     9.07876     9.44589   0.0337975
         451     9.26803     9.44549   0.0337248
         452     9.47196     9.44555   0.0336503
         453     9.68816     9.44608   0.0335802
         454      9.5544     9.44632   0.0335071
         455      9.8407     9.44719   0.0334447
         456     9.69717     9.44774   0.0333758
         457     9.59646     9.44806   0.0333044
         458     9.70263     9.44862   0.0332363
         459     9.92489     9.44966   0.0331801
         460     9.69857      9.4502   0.0331124
         461     9.48387     9.45027   0.0330406
         462     9.51914     9.45042   0.0329694
         463     9.27546     9.45004   0.0329004
         464     9.19428     9.44949   0.0328341
         465     9.63427     9.44989   0.0327659
         466      9.1513     9.44925   0.0327019
         467     9.50746     9.44937   0.0326321
         468     9.36212     9.44919   0.0325629
         469     9.01266     9.44826   0.0325067
         470     9.44585     9.44825   0.0324376
         471     9.84664      9.4491   0.0323797
         472      9.9138     9.45008   0.0323261
         473     9.83364     9.45089   0.0322679
         474     9.90663     9.45185   0.0322142
         475     9.41327     9.45177   0.0321465
         476     9.45207     9.45177   0.0320789
         477     9.31745     9.45149   0.0320129
         478     9.15829     9.45088   0.0319518
         479      9.5606     9.45111   0.0318859
         480     9.47312     9.45115   0.0318195
         481     9.21168     9.45065   0.0317573
         482     9.75256     9.45128   0.0316976
         483     9.45868      9.4513   0.0316319
         484      9.2991     9.45098   0.0315681
         485     9.07423      9.4502   0.0315126
         486     8.84788     9.44897   0.0314721
         487     9.33098     9.44872   0.0314084
         488     9.26375     9.44834   0.0313464
         489     9.31017     9.44806   0.0312835
         490     9.33938     9.44784   0.0312205
         491     9.56431     9.44808   0.0311578
         492     9.57732     9.44834   0.0310956
         493     9.66371     9.44878   0.0310356
         494     9.63847     9.44916   0.0309751
         495     10.0846     9.45044   0.0309391
         496     10.1349     9.45182   0.0309075
         497     9.72276     9.45237   0.0308501
         498     9.77161     9.45301   0.0307949
         499     10.1873     9.45448   0.0307683
         500      9.5224     9.45462    0.030707
         501     9.82352     9.45535   0.0306546
         502     9.71486     9.45587   0.0305979
         503     9.66003     9.45628   0.0305397
         504     9.60074     9.45656   0.0304805
         505      9.7784      9.4572   0.0304268
         506     9.44612     9.45718   0.0303667
         507     9.71863     9.45769   0.0303111
         508     9.32628     9.45744   0.0302526
         509     9.26125     9.45705   0.0301956
         510     9.33582     9.45681   0.0301373
         511     9.42331     9.45675   0.0300784
         512     9.89663     9.45761   0.0300319
         513     9.29121     9.45728   0.0299752
         514     9.43171     9.45723   0.0299169
         515     9.44519     9.45721   0.0298588
         516     9.69077     9.45766   0.0298044
         517     9.90517     9.45853   0.0297593
         518     9.66498     9.45893   0.0297045
         519     9.95706     9.45989   0.0296628
         520     10.1397     9.46119   0.0296345
         521     9.91441     9.46206   0.0295904
         522     10.1624      9.4634   0.0295641
         523     10.0324     9.46449   0.0295276
         524     9.88868      9.4653   0.0294823
         525     9.79354     9.46593   0.0294328
         526     9.79977     9.46656   0.0293837
         527      9.9511     9.46748   0.0293423
         528     9.63016     9.46779   0.0292884
         529     9.35866     9.46758   0.0292337
         530     9.56768     9.46777   0.0291792
         531      9.6993     9.46821   0.0291275
         532     9.71576     9.46867   0.0290765
         533     9.58314     9.46889   0.0290227
         534     9.69387     9.46931   0.0289714
         535     9.70368     9.46975   0.0289206
         536     9.59899     9.46999   0.0288676
         537     9.69082      9.4704   0.0288168
         538     9.92161     9.47124   0.0287754
         539      9.6878     9.47164   0.0287248
         540     9.94014     9.47251   0.0286847
         541     9.89681     9.47329   0.0286424
         542     9.52886     9.47339   0.0285898
         543     9.50853     9.47346   0.0285372
         544     9.52651     9.47356   0.0284849
         545     9.46059     9.47353   0.0284327
         546     9.33856     9.47329   0.0283817
         547     9.14754     9.47269    0.028336
         548     9.08117     9.47198   0.0282933
         549     9.34272     9.47174   0.0282428
         550     9.25841     9.47135   0.0281941
         551     9.15774     9.47078   0.0281486
         552     8.99007     9.46991   0.0281111
         553     8.84214     9.46878   0.0280832
         554     8.58511     9.46718   0.0280778
         555     9.28358     9.46685   0.0280291
         556     9.54389     9.46699   0.0279791
         557     9.33498     9.46675   0.0279298
         558     9.13612     9.46616   0.0278861
         559     9.05108     9.46542   0.0278461
         560     8.90348     9.46441   0.0278144
         561     9.02824     9.46364   0.0277757
         562     8.78833     9.46244   0.0277523
         563     8.95758     9.46154   0.0277174
         564     8.87674      9.4605   0.0276877
         565     8.97334     9.45964   0.0276521
         566     8.59263     9.45811   0.0276456
         567     8.97799     9.45726   0.0276098
         568     8.73197     9.45598   0.0275908
         569     8.80465     9.45484    0.027566
         570      8.6442     9.45342   0.0275543
         571     8.91321     9.45247   0.0275223
         572     9.03842     9.45175   0.0274837
         573     9.32657     9.45153   0.0274366
         574     9.38908     9.45142    0.027389
         575     9.34289     9.45123    0.027342
         576     9.59716     9.45148   0.0272957
         577     9.54236     9.45164   0.0272489
         578     9.25805     9.45131   0.0272038
         579     9.19203     9.45086   0.0271605
         580      9.3435     9.45067   0.0271143
         581     9.28843      9.4504   0.0270691
         582     9.30727     9.45015   0.0270237
         583     8.88153     9.44917   0.0269949
         584     9.15015     9.44866   0.0269535
         585     9.02327     9.44793   0.0269173
         586     9.21418     9.44754   0.0268743
         587     9.41691     9.44748   0.0268286
         588     9.65298     9.44783   0.0267852
         589     9.14697     9.44732   0.0267446
         590     9.08243      9.4467   0.0267064
         591     9.41835     9.44666   0.0266613
         592     9.84409     9.44733   0.0266247
         593     9.74043     9.44782   0.0265844
         594     9.20104     9.44741   0.0265429
         595      9.5942     9.44765   0.0264994
         596     9.75833     9.44817   0.0264601
         597      9.7474     9.44868   0.0264205
         598     9.70251      9.4491   0.0263797
         599     9.62367     9.44939   0.0263373
         600     9.69002     9.44979   0.0262965
         601      9.5081     9.44989   0.0262529
         602     9.29237     9.44963   0.0262106
         603     9.33604     9.44944   0.0261678
         604     9.38154     9.44933   0.0261247
         605     9.30656     9.44909   0.0260826
         606     9.33541      9.4489   0.0260402
         607     9.26526      9.4486   0.0259991
         608     9.37673     9.44848   0.0259566
         609     9.61982     9.44876   0.0259155
         610        8.94     9.44793   0.0258864
         611     9.37383     9.44781   0.0258443
         612     9.41612     9.44776   0.0258022
         613     9.49114     9.44783   0.0257602
         614      9.6881     9.44822   0.0257212
         615     9.39237     9.44813   0.0256795
         616     9.84471     9.44877   0.0256459
         617     9.81046     9.44936    0.025611
         618     9.61826     9.44963   0.0255711
         619     9.65555     9.44996   0.0255319
         620      8.9737      9.4492   0.0255023
         621     8.91259     9.44833   0.0254759
         622     8.72216     9.44716   0.0254616
         623     8.99479     9.44644   0.0254311
         624     8.77186     9.44536   0.0254133
         625     8.62967     9.44405   0.0254062
         626     8.71006     9.44288   0.0253926
         627     8.93213     9.44206   0.0253652
         628     8.99204     9.44135   0.0253349
         629     9.26921     9.44107   0.0252961
         630     9.31308     9.44087   0.0252568
         631     9.13682     9.44039   0.0252213
         632     9.14055     9.43992   0.0251859
         633     9.03545     9.43928   0.0251542
         634     9.25632     9.43899   0.0251162
         635     9.18914     9.43859   0.0250797
         636     9.18809      9.4382   0.0250434
         637      9.4018     9.43814   0.0250041
         638     8.85998     9.43724   0.0249813
         639     9.02113     9.43659   0.0249507
         640     9.01098     9.43592   0.0249206
         641     8.74856     9.43485   0.0249048
         642     8.50483      9.4334   0.0249081
         643     8.88297     9.43254   0.0248841
         644     8.78952     9.43155   0.0248655
         645     9.22216     9.43122    0.024829
         646      9.7155     9.43166   0.0247945
         647     9.82301     9.43227   0.0247635
         648     9.78335     9.43281   0.0247313
         649     9.58175     9.43304   0.0246942
         650     9.36183     9.43293   0.0246565
         651     9.63016     9.43323   0.0246204
         652     9.46812     9.43328   0.0245827
         653     9.37371     9.43319   0.0245453
         654     9.15724     9.43277   0.0245114
         655     9.27443     9.43253   0.0244751
         656      9.3461      9.4324   0.0244382
         657     9.10113     9.43189   0.0244062
         658     9.40697     9.43185   0.0243691
         659     9.22567     9.43154   0.0243342
         660     9.19004     9.43118      0.0243
         661     9.07843     9.43064   0.0242691
         662     9.25364     9.43038   0.0242339
         663      9.3178     9.43021    0.024198
         664     9.33258     9.43006    0.024162
         665     9.52881     9.43021   0.0241261
         666     8.98582     9.42954   0.0240991
         667     8.95745     9.42883   0.0240734
         668     9.22409     9.42853   0.0240393
         669     9.00883      9.4279   0.0240115
         670     8.96706     9.42721   0.0239855
         671     9.20116     9.42687   0.0239522
         672     9.12076     9.42642   0.0239209
         673     9.06477     9.42588   0.0238913
         674     9.69361     9.42628   0.0238592
         675     9.62813     9.42658   0.0238257
         676     9.86145     9.42722   0.0237992
         677     10.3701     9.42861   0.0238047
         678     10.0892     9.42959   0.0237896
         679     9.92796     9.43032   0.0237658
         680     9.70606     9.43073   0.0237343
         681     9.99586     9.43156    0.023714
         682     9.63333     9.43185   0.0236811
         683     9.76175     9.43234   0.0236513
         684     9.77711     9.43284   0.0236221
         685     9.70651     9.43324    0.023591
         686      9.4829     9.43331   0.0235567
         687      9.3899     9.43325   0.0235225
         688     8.82407     9.43236    0.023505
         689     8.56718     9.43111   0.0235044
         690     8.87057     9.43029   0.0234844
         691     9.03206     9.42972   0.0234575
         692     8.83158     9.42885   0.0234395
         693     9.04742      9.4283   0.0234121
         694     8.80817     9.42741   0.0233954
         695       8.775     9.42647   0.0233806
         696     8.81137     9.42559   0.0233637
         697      8.6179     9.42443   0.0233589
         698     8.48807     9.42309   0.0233639
         699     8.78401     9.42217   0.0233484
         700     8.69324     9.42113   0.0233382
         701     8.88537     9.42037   0.0233174
         702     9.34766     9.42026   0.0232845
         703     9.71347     9.42068   0.0232551
         704     9.70381     9.42108   0.0232255
         705     9.63005     9.42138   0.0231945
         706     9.64587      9.4217   0.0231638
         707      10.411      9.4231   0.0231733
         708     10.2215     9.42422   0.0231679
         709     9.49406     9.42432   0.0231355
         710     9.83989     9.42491   0.0231103
         711     9.58182     9.42513   0.0230788
         712     9.15243     9.42475   0.0230496
         713      8.8862     9.42399   0.0230297
         714     9.07561      9.4235   0.0230026
         715     9.02056     9.42294   0.0229773
         716     9.20598     9.42264   0.0229472
         717      8.8462     9.42183   0.0229293
         718     8.67881      9.4208   0.0229207
         719      8.2066     9.41911   0.0229509
         720     8.57985     9.41794   0.0229486
         721       8.691     9.41693   0.0229389
         722     9.06709     9.41645   0.0229123
         723     9.08882       9.416   0.0228851
         724     8.57432     9.41483    0.022883
         725     8.85762     9.41407   0.0228643
         726     9.10511     9.41364   0.0228368
         727      9.2016     9.41335   0.0228072
         728     9.76204     9.41383   0.0227809
         729     9.86224     9.41444    0.022758
         730     9.72966     9.41487   0.0227309
         731     9.68448     9.41524   0.0227028
         732     9.94479     9.41597   0.0226833
         733     9.89426     9.41662   0.0226618
         734     10.4828     9.41807   0.0226774
         735     9.88467     9.41871   0.0226554
         736     9.62744     9.41899   0.0226264
         737     9.95183     9.41971   0.0226073
         738     9.82217     9.42026   0.0225832
         739     9.53115     9.42041   0.0225531
         740     9.31323     9.42026   0.0225231
         741     9.28802     9.42009   0.0224934
         742      9.1633     9.41974   0.0224658
         743     9.15002     9.41938   0.0224385
         744      9.0994     9.41895   0.0224124
         745     9.01589      9.4184   0.0223889
         746     8.93371     9.41776   0.0223683
         747     8.88378     9.41704   0.0223498
         748      9.1423     9.41667   0.0223229
         749     9.64341     9.41698   0.0222952
         750     9.78468     9.41747   0.0222708
         751     9.53464     9.41762   0.0222417
         752     10.1169     9.41855   0.0222316
         753      10.113     9.41947   0.0222212
         754      10.073     9.42034   0.0222086
         755     10.1702     9.42133   0.0222014
         756      9.7467     9.42176   0.0221762
         757     9.90396      9.4224    0.022156
         758     9.99087     9.42315   0.0221395
         759     10.5007     9.42457   0.0221558
         760     10.4905     9.42597    0.022171
         761     10.0549      9.4268   0.0221573
         762     9.94653     9.42748   0.0221387
         763     9.75498     9.42791   0.0221138
         764      9.9301     9.42857   0.0220946
         765     9.92309     9.42922   0.0220752
         766     10.0592     9.43004   0.0220617
         767     9.69082     9.43038   0.0220356
         768      9.8302      9.4309    0.022013
         769     9.80025     9.43138   0.0219896
         770     10.5096     9.43278   0.0220056
         771     10.2642     9.43386   0.0220035
         772     10.5548     9.43531   0.0220228
         773     10.5725     9.43678   0.0220434
         774     10.5558     9.43823   0.0220623
         775     10.2109     9.43922   0.0220564
         776       9.826     9.43972   0.0220336
         777     10.0407     9.44049   0.0220188
         778     9.84037     9.44101   0.0219965
         779     9.36678     9.44091   0.0219684
         780     9.42922      9.4409   0.0219403
         781     9.78701     9.44134   0.0219167
         782     9.45695     9.44136   0.0218886
         783     9.63096      9.4416    0.021862
         784     9.92604     9.44222   0.0218429
         785     9.76035     9.44263   0.0218188
         786     9.57063     9.44279   0.0217917
         787     9.52118     9.44289   0.0217642
         788     9.64154     9.44314    0.021738
         789     9.47339     9.44318   0.0217105
         790     9.28763     9.44298   0.0216839
         791     8.68019     9.44202    0.021678
         792      9.1619     9.44167   0.0216535
         793     9.19849     9.44136   0.0216283
         794      9.7111      9.4417   0.0216038
         795     9.66121     9.44197   0.0215783
         796     9.56435     9.44213   0.0215518
         797     9.67281     9.44242   0.0215267
         798     9.70577     9.44275   0.0215022
         799     9.50509     9.44283   0.0214755
         800     8.84135     9.44207   0.0214618
         801      9.3188     9.44192   0.0214355
         802     9.38464     9.44185   0.0214089
         803     9.44505     9.44185   0.0213823
         804     9.73111     9.44221   0.0213587
         805     9.73685     9.44258   0.0213353
         806     9.42419     9.44256   0.0213089
         807     9.21735     9.44228   0.0212843
         808     9.88187     9.44282   0.0212649
         809      9.9164     9.44341   0.0212467
         810     10.2462      9.4444   0.0212435
         811     10.3645     9.44553   0.0212476
         812     10.3166      9.4466   0.0212485
         813     10.6446     9.44808   0.0212734
         814     10.0283     9.44879   0.0212592
         815     9.75466     9.44917   0.0212364
         816     9.84801     9.44965    0.021216
         817     10.0056     9.45033    0.021201
         818       9.935     9.45093   0.0211833
         819     9.98102     9.45157   0.0211673
         820     9.70656     9.45189   0.0211438
         821     9.79079      9.4523   0.0211221
         822     9.37948     9.45221   0.0210966
         823     9.54187     9.45232   0.0210712
         824     9.50995     9.45239   0.0210458
         825     9.62066     9.45259   0.0210213
         826     9.08063     9.45214   0.0210006
         827     8.98117     9.45157    0.020983
         828     9.07079     9.45111   0.0209626
         829     9.09584     9.45068   0.0209417
         830     9.12527     9.45029   0.0209202
         831     9.09503     9.44986   0.0208994
         832     9.24432     9.44962   0.0208757
         833     9.03734     9.44912   0.0208565
         834     8.95283     9.44853     0.02084
         835      8.8864     9.44785   0.0208259
         836     9.54836     9.44797   0.0208013
         837     9.32493     9.44783    0.020777
         838     9.47186     9.44786   0.0207522
         839     9.28195     9.44766   0.0207285
         840     9.36354     9.44756    0.020704
         841     9.13311     9.44718   0.0206828
         842     9.01076     9.44667   0.0206647
         843     8.92926     9.44605   0.0206493
         844     9.47767     9.44609   0.0206249
         845     9.59635     9.44627   0.0206012
         846      9.5638     9.44641   0.0205773
         847     9.33333     9.44627   0.0205535
         848     9.25652     9.44605   0.0205305
         849     10.0507     9.44676   0.0205186
         850     10.0099     9.44742   0.0205052
         851     9.69684     9.44772   0.0204832
         852     10.0301      9.4484   0.0204705
         853     10.2254     9.44931   0.0204668
         854     10.4087     9.45044   0.0204737
         855     10.2829     9.45141   0.0204728
         856     10.4056     9.45252   0.0204793
         857     10.1377     9.45332    0.020471
         858     10.1002     9.45408    0.020461
         859     9.53723     9.45417   0.0204374
         860     9.44966     9.45417   0.0204136
         861      9.2506     9.45393   0.0203913
         862     9.34455     9.45381    0.020368
         863     9.31158     9.45364   0.0203451
         864     9.28611     9.45345   0.0203225
         865     9.65207     9.45368   0.0203003
         866     9.41031     9.45363   0.0202769
         867     9.12646     9.45325    0.020257
         868     9.02632     9.45276   0.0202396
         869     8.73116     9.45193   0.0202334
         870     9.19684     9.45163   0.0202122
         871     9.25457     9.45141   0.0201903
         872     8.91651     9.45079   0.0201765
         873     9.21432     9.45052   0.0201552
         874     8.59616     9.44955   0.0201558
         875     9.12815     9.44918   0.0201361
         876     8.88385     9.44853   0.0201235
         877      9.3025     9.44837   0.0201012
         878     9.65873     9.44861   0.0200797
         879     9.76901     9.44897   0.0200602
         880     9.99788     9.44959   0.0200471
         881     10.1125     9.45035   0.0200385
         882     10.0162     9.45099    0.020026
         883      10.178     9.45181   0.0200203
         884      10.384     9.45287   0.0200254
         885     10.3439     9.45387    0.020028
         886     10.1672     9.45468   0.0200216
         887     10.8613     9.45626   0.0200617
         888     10.6926     9.45766   0.0200874
         889     10.6839     9.45904   0.0201121
         890     10.1389      9.4598    0.020104
         891     10.2914     9.46073   0.0201031
         892     9.99101     9.46133   0.0200894
         893     10.4779     9.46247   0.0200991
         894     10.1612     9.46325   0.0200918
         895     10.0574     9.46391   0.0200803
         896     9.91537     9.46441   0.0200642
         897     10.2105     9.46525   0.0200591
         898     9.86775     9.46569   0.0200418
         899     9.99835     9.46629   0.0200282
         900     9.35684     9.46617   0.0200063
         901     9.33435     9.46602   0.0199847
         902     9.29569     9.46583   0.0199634
         903     9.50853     9.46588   0.0199413
         904     9.43378     9.46584   0.0199193
         905     9.51521      9.4659   0.0198974
         906     9.56734     9.46601   0.0198757
         907     9.73117      9.4663    0.019856
         908     9.63151     9.46648   0.0198349
         909     10.0248      9.4671   0.0198226
         910     9.90253     9.46758   0.0198066
         911     9.52236     9.46764    0.019785
         912     9.66408     9.46785   0.0197644
         913     9.18531     9.46754   0.0197452
         914     9.35731     9.46742    0.019724
         915     9.94121     9.46794   0.0197092
         916     9.77062     9.46827   0.0196905
         917     9.51058     9.46832   0.0196691
         918     9.46556     9.46831   0.0196476
         919     9.07908     9.46789   0.0196308
         920     9.30559     9.46771   0.0196103
         921     9.32968     9.46756   0.0195896
         922     9.80914     9.46793   0.0195718
         923     9.55471     9.46803   0.0195508
         924     9.12568     9.46766   0.0195332
         925     9.70074     9.46791   0.0195137
         926     10.0809     9.46857   0.0195038
         927      9.7949     9.46892    0.019486
         928     9.72731      9.4692    0.019467
         929     9.49345     9.46923    0.019446
         930     9.76624     9.46955   0.0194277
         931      9.4669     9.46954   0.0194069
         932     9.09099     9.46914   0.0193903
         933      9.1452     9.46879   0.0193726
         934     8.92844     9.46821   0.0193605
         935     9.21651     9.46794   0.0193417
         936     9.17937     9.46763   0.0193235
         937     9.60897     9.46779   0.0193035
         938     10.0854     9.46844   0.0192941
         939     9.97104     9.46898    0.019281
         940     9.69948     9.46922    0.019262
         941     9.81178     9.46959    0.019245
         942     10.1155     9.47027   0.0192368
         943     9.97681     9.47081   0.0192239
         944     10.2993     9.47169   0.0192235
         945     10.0603     9.47231   0.0192133
         946     10.0526     9.47293   0.0192028
         947     9.77386     9.47324   0.0191851
         948        9.85     9.47364    0.019169
         949     9.52736      9.4737   0.0191489
         950     9.66536      9.4739   0.0191298
         951     9.45098     9.47387   0.0191097
         952     9.40664      9.4738   0.0190897
         953     9.18543      9.4735   0.0190721
         954     9.26069     9.47328   0.0190534
         955     9.40592     9.47321   0.0190336
         956     9.50915     9.47325   0.0190137
         957     9.31532     9.47308   0.0189946
         958     9.93331     9.47356   0.0189808
         959     9.69731     9.47379   0.0189625
         960     9.10535     9.47341   0.0189466
         961     9.35718     9.47329   0.0189273
         962     8.96481     9.47276    0.018915
         963     8.75664     9.47202   0.0189099
         964     8.61969     9.47113    0.018911
         965     8.57639     9.47021   0.0189141
         966     8.52527     9.46923   0.0189198
         967     8.34683     9.46807   0.0189358
         968     9.13074     9.46772   0.0189194
         969      8.8051     9.46703   0.0189123
         970     8.53259     9.46607   0.0189173
         971     8.55931     9.46514   0.0189208
         972     8.85542     9.46451   0.0189118
         973     8.67458      9.4637   0.0189098
         974     8.67134     9.46288   0.0189078
         975     8.47091     9.46187   0.0189158
         976     8.62708     9.46101   0.0189157
         977     9.17834     9.46072   0.0188986
         978     9.56639     9.46083   0.0188796
         979     9.46666     9.46084   0.0188603
         980     9.47653     9.46085   0.0188411
         981     9.65494     9.46105   0.0188229
         982     9.73793     9.46133   0.0188058
         983     9.64594     9.46152   0.0187876
         984     9.86419     9.46193    0.018773
         985     10.3915     9.46287   0.0187776
         986     10.1796      9.4636   0.0187727
         987     10.0138     9.46416   0.0187619
         988     9.52093     9.46422    0.018743
         989     9.90783     9.46466   0.0187294
         990     9.61037     9.46481   0.0187111
         991     9.22816     9.46457   0.0186937
         992     9.32157     9.46443   0.0186755
         993     9.26903     9.46423   0.0186577
         994     9.26023     9.46403     0.01864
         995     9.49471     9.46406   0.0186213
         996     9.68945     9.46428    0.018604
         997     10.2365     9.46506   0.0186015
         998     9.56465     9.46516   0.0185831
         999     9.81465     9.46551   0.0185678
        1000     9.69121     9.46573   0.0185506
        1001     9.82381     9.46609   0.0185355
        1002      9.5349     9.46616   0.0185171
        1003     9.49702     9.46619   0.0184987
        1004     9.50872     9.46623   0.0184803
        1005     9.71758     9.46648   0.0184636
        1006     9.31628     9.46633   0.0184459
        1007     9.30319     9.46617   0.0184283
        1008     9.21571     9.46592   0.0184117
        1009     9.78909     9.46624   0.0183962
        1010     9.62666      9.4664   0.0183787
        1011     9.66138     9.46659   0.0183615
        1012     9.88429     9.46701    0.018348
        1013     9.72861     9.46727   0.0183317
        1014     9.19146     9.46699   0.0183156
        1015     9.58361     9.46711    0.018298
        1016     9.86882      9.4675   0.0182842
        1017     9.67447     9.46771   0.0182674
        1018     9.88504     9.46812    0.018254
        1019     10.3575     9.46899    0.018257
        1020     10.0605     9.46957   0.0182483
        1021     10.2836     9.47037   0.0182478
        1022      10.781     9.47165    0.018275
        1023     10.3899     9.47255   0.0182791
        1024     10.0227     9.47308   0.0182692
        1025     10.1226     9.47372   0.0182623
        1026     9.66539     9.47391   0.0182455
        1027     10.0499     9.47447   0.0182363
        1028     9.69585     9.47468   0.0182199
        1029     9.45362     9.47466   0.0182022
        1030     9.30975      9.4745   0.0181852
        1031     9.83941     9.47485    0.018171
        1032     9.59299     9.47497   0.0181538
        1033     9.52369     9.47502   0.0181363
        1034     9.46982     9.47501   0.0181187
        1035     9.50975     9.47504   0.0181012
        1036      9.3945     9.47497   0.0180839
        1037     9.44112     9.47493   0.0180665
        1038      9.5966     9.47505   0.0180495
        1039      9.4986     9.47507   0.0180322
        1040     10.3374      9.4759   0.0180339
        1041     10.3368     9.47673   0.0180355
        1042     10.1968     9.47742   0.0180314
        1043     9.85999     9.47779   0.0180179
        1044     9.26061     9.47758   0.0180018
        1045      9.1675     9.47728    0.017987
        1046     9.09367     9.47692   0.0179736
        1047     9.14883      9.4766   0.0179591
        1048     9.44056     9.47657    0.017942
        1049     9.30125      9.4764   0.0179257
        1050     9.36569      9.4763   0.0179089
        1051     9.40383     9.47623    0.017892
        1052     9.69534     9.47644   0.0178762
        1053     9.45413     9.47641   0.0178593
        1054     9.12665     9.47608   0.0178454
        1055     8.79029     9.47543   0.0178403
        1056      8.5926      9.4746    0.017843
        1057     9.14943     9.47429   0.0178288
        1058     8.87703     9.47372   0.0178209
        1059     9.06064     9.47333   0.0178083
        1060     9.18321     9.47306   0.0177936
        1061     9.04623     9.47266   0.0177814
        1062     9.33163     9.47253   0.0177651
        1063     9.28093     9.47235   0.0177493
        1064     9.20037     9.47209   0.0177345
        1065     9.05717      9.4717   0.0177221
        1066     9.51107     9.47174   0.0177055
        1067     9.50236     9.47177    0.017689
        1068     9.60661     9.47189   0.0176729
        1069     9.82604     9.47222   0.0176594
        1070     9.61678     9.47236   0.0176434
        1071      9.2838     9.47218   0.0176279
        1072     9.32906     9.47205   0.0176119
        1073     9.19397     9.47179   0.0175974
        1074     9.14547     9.47149   0.0175836
        1075     8.96291     9.47101   0.0175736
        1076     9.00431     9.47058   0.0175627
        1077     9.37935     9.47049   0.0175466
        1078     9.11997     9.47017   0.0175333
        1079     9.04546     9.46978   0.0175215
        1080     9.17813     9.46951   0.0175073
        1081     9.07751     9.46914   0.0174949
        1082     8.78595     9.46851   0.0174901
        1083     8.86238     9.46795   0.0174829
        1084     8.82402     9.46736   0.0174769
        1085     8.64079      9.4666   0.0174774
        1086     8.56326     9.46576    0.017481
        1087     8.73573     9.46509   0.0174779
        1088     8.92608      9.4646   0.0174688
        1089      8.9756     9.46415   0.0174585
        1090       8.986     9.46371    0.017448
        1091     8.89436     9.46319   0.0174399
        1092      9.2579       9.463   0.0174249
        1093     9.24594      9.4628   0.0174101
        1094      9.1517     9.46252   0.0173965
        1095      8.8723     9.46198    0.017389
        1096     9.10566     9.46165   0.0173761
        1097     9.08393     9.46131   0.0173637
        1098     9.46627     9.46131   0.0173479
        1099     8.88124     9.46078   0.0173401
        1100     8.89009     9.46027   0.0173321
        1101     8.78237     9.45965   0.0173273
        1102     9.09625     9.45932   0.0173147
        1103      9.3419     9.45921   0.0172994
        1104     9.19914     9.45898   0.0172853
        1105     9.73503     9.45923   0.0172715
        1106     9.93651     9.45966   0.0172612
        1107     9.77246     9.45994   0.0172479
        1108     9.88524     9.46033   0.0172367
        1109     9.39445     9.46027   0.0172212
        1110     8.96384     9.45982   0.0172115
        1111     9.40276     9.45977   0.0171961
        1112     9.30147     9.45963   0.0171812
        1113     9.03364     9.45924     0.01717
        1114     8.76797     9.45862   0.0171658
        1115     8.88531     9.45811   0.0171581
        1116     8.87548     9.45759   0.0171507
        1117     8.84164     9.45704   0.0171442
        1118     8.85108     9.45649   0.0171374
        1119     9.34691      9.4564   0.0171224
        1120      9.4203     9.45636   0.0171072
        1121     9.08783     9.45603    0.017095
        1122     9.06841     9.45569   0.0170833
        1123      9.0806     9.45535   0.0170714
        1124     8.93222     9.45489   0.0170625
        1125     8.98874     9.45447   0.0170524
        1126     8.66916     9.45378   0.0170515
        1127     9.24051     9.45359   0.0170374
        1128     9.39177     9.45353   0.0170224
        1129     9.61018     9.45367   0.0170079
        1130     10.0826     9.45423   0.0170019
        1131     10.1245     9.45482   0.0169972
        1132     9.71515     9.45505   0.0169838
        1133     9.73701      9.4553   0.0169706
        1134     10.2734     9.45602    0.016971
        1135     10.6102     9.45704   0.0169865
        1136     10.2232     9.45771   0.0169849
        1137     10.1172     9.45829   0.0169798
        1138     9.96385     9.45874   0.0169707
        1139     10.1229     9.45932   0.0169659
        1140      10.434     9.46018   0.0169725
        1141       9.944      9.4606   0.0169629
        1142     9.74518     9.46085   0.0169499
        1143     9.44609     9.46084   0.0169351
        1144      9.6197     9.46097   0.0169208
        1145     9.48661       9.461   0.0169061
        1146      9.5685     9.46109   0.0168916
        1147     9.53422     9.46115    0.016877
        1148     9.51323      9.4612   0.0168623
        1149     9.18639     9.46096   0.0168494
        1150      9.2137     9.46075   0.0168361
        1151      9.5104     9.46079   0.0168215
        1152     9.77055     9.46106    0.016809
        1153     10.1991      9.4617   0.0168067
        1154     10.2863     9.46241   0.0168073
        1155     10.0234      9.4629   0.0167997
        1156     9.83761     9.46322   0.0167883
        1157     9.78615      9.4635   0.0167761
        1158     9.56754     9.46359   0.0167619
        1159     9.72164     9.46381   0.0167489
        1160     9.32285     9.46369   0.0167349
        1161     9.47057      9.4637   0.0167205
        1162     9.61511     9.46383   0.0167066
        1163     9.53958     9.46389   0.0166924
        1164     9.78569     9.46417   0.0166803
        1165     9.48283     9.46419    0.016666
        1166      9.1353      9.4639   0.0166541
        1167     9.23693     9.46371    0.016641
        1168     9.22162      9.4635    0.016628
        1169     9.53396     9.46356   0.0166139
        1170     9.68184     9.46375   0.0166008
        1171     9.30435     9.46361   0.0165871
        1172     9.67187     9.46379   0.0165739
        1173     9.15329     9.46353   0.0165619
        1174     8.70849     9.46288   0.0165603
        1175     8.83334     9.46235   0.0165549
        1176     8.77939     9.46177    0.016551
        1177     9.09642     9.46146   0.0165398
        1178     9.27899      9.4613   0.0165265
        1179     9.04661     9.46095   0.0165162
        1180     9.06718     9.46062   0.0165056
        1181     9.15302     9.46036   0.0164937
        1182     9.44846     9.46035   0.0164797
        1183     9.76504      9.4606   0.0164678
        1184     9.23981     9.46042    0.016455
        1185     9.31905      9.4603   0.0164415
        1186     9.97577     9.46073   0.0164334
        1187     10.1119     9.46128   0.0164287
        1188     9.73619     9.46151   0.0164165
        1189     9.85874     9.46185   0.0164061
        1190     9.45267     9.46184   0.0163923
        1191     9.18978     9.46161   0.0163801
        1192     9.44977      9.4616   0.0163664
        1193     9.55484     9.46168   0.0163529
        1194     9.65157     9.46184   0.0163399
        1195     9.53093     9.46189   0.0163264
        1196     9.71895     9.46211   0.0163141
        1197     9.73076     9.46233    0.016302
        1198     9.85855     9.46266   0.0162918
        1199     9.90039     9.46303   0.0162823
        1200     9.62981     9.46317   0.0162693
