#     BLOCK:   ACTUAL_P:     P_AVE:       ERROR:
           1    -4.19645    -4.19645           0
           2    -3.52345    -3.85995    0.237939
           3    -3.03937    -3.58642    0.273934
           4    -2.56587    -3.33128    0.301714
           5    -2.02408    -3.06984    0.336068
           6    -1.73808    -2.84788    0.345669
           7    -1.73283    -2.68859    0.330962
           8    -1.83505     -2.5819    0.306306
           9    -1.68919    -2.48271    0.287885
          10    -1.70216    -2.40465     0.26947
          11    -1.76774    -2.34675    0.251117
          12    -1.14554    -2.24665    0.249344
          13   -0.735443     -2.1304    0.255831
          14   -0.535557    -2.01649    0.261694
          15   -0.254456    -1.89902    0.269325
          16   -0.364966    -1.80314    0.269017
          17   -0.138699    -1.70523    0.270423
          18  -0.0186814    -1.61153    0.271146
          19    0.156164     -1.5185     0.27237
          20     0.15424    -1.43486    0.271289
          21    0.132598    -1.36022    0.268442
          22 -0.00252702    -1.29851    0.263238
          23     0.00395    -1.24188    0.257812
          24    0.104789    -1.18577    0.253103
          25  -0.0168425    -1.13901     0.24726
          26   -0.172884    -1.10185    0.240526
          27     0.30115    -1.04989    0.237164
          28    0.647277   -0.989275    0.236312
          29     0.12373   -0.950896    0.231259
          30   -0.386627   -0.932087    0.224314
          31   0.0944796   -0.898972    0.219509
          32    0.303582   -0.861392    0.215842
          33    0.319797   -0.825598    0.212249
          34    0.411458   -0.789214    0.209101
          35  -0.0815958   -0.768996    0.204102
          36    0.387289   -0.736877    0.200944
          37   -0.387917   -0.727446    0.195734
          38  -0.0938319   -0.710772    0.191292
          39   0.0227889   -0.691963     0.18731
          40    0.157617   -0.670723    0.183827
          41    0.274332   -0.647673    0.180783
          42  -0.00004.35113   -0.632253    0.177135
          43  0.00369917   -0.617464    0.173632
          44   0.0452349   -0.602402    0.170338
          45    0.383412   -0.580495    0.167955
          46    0.586562   -0.555125    0.166209
          47    0.763356   -0.527072    0.165023
          48    0.847214   -0.498441     0.16405
          49    0.862952   -0.470657    0.163038
          50    0.667682   -0.447891    0.161359
          51    0.500177   -0.429301    0.159262
          52    0.510942   -0.411219    0.157223
          53     0.59786    -0.39218    0.155405
          54    0.866365   -0.368874    0.154265
          55     1.09846   -0.342195    0.153749
          56     1.41071   -0.310893    0.154157
          57     1.06738   -0.286713    0.153337
          58     1.12869   -0.262309    0.152623
          59     1.13051   -0.238702    0.151851
          60     1.24465    -0.21398    0.151319
          61     1.49072   -0.186034    0.151397
          62     1.95629    -0.15148    0.152848
          63     1.73596   -0.121521     0.15333
          64     1.57166  -0.0950649    0.153199
          65     1.68477  -0.0676828     0.15327
          66     1.71757  -0.0406335    0.153316
          67     1.83573  -0.0126281    0.153564
          68     1.91391   0.0157034    0.153897
          69     1.49524    0.037146    0.153153
          70     1.34158   0.0557807    0.152095
          71     1.11831    0.070746    0.150687
          72     1.20994   0.0865681    0.149422
          73     1.24527    0.102441    0.148216
          74     1.43468    0.120444    0.147303
          75     1.28576    0.135981    0.146156
          76     1.39186    0.152506    0.145164
          77     1.53452    0.170454    0.144384
          78     1.44067    0.186739    0.143448
          79     1.37237    0.201747    0.142415
          80     1.32394    0.215775    0.141324
          81     1.34209     0.22968    0.140262
          82     1.51997    0.245415    0.139431
          83     1.82455    0.264441    0.139043
          84     1.90114    0.283925    0.138747
          85     1.69895    0.300573    0.138109
          86     1.98813    0.320196     0.13789
          87     1.79194    0.337112    0.137339
          88     1.56742    0.351093    0.136488
          89      1.7653    0.366983    0.135877
          90     1.87459    0.383734    0.135395
          91     1.26395    0.393407    0.134253
          92     1.12138     0.40132    0.133026
          93     1.92617    0.417716    0.132603
          94      2.0884    0.435489    0.132378
          95     2.01107    0.452074    0.132019
          96     1.64139    0.464463    0.131224
          97     1.97871    0.480074    0.130796
          98     1.91709    0.494737    0.130281
          99     1.80363    0.507958    0.129634
         100     1.68361    0.519715     0.12887
         101     1.35214    0.527957    0.127857
         102     1.62445    0.538706    0.127055
         103     1.40634     0.54713      0.1261
         104     1.50766    0.556366    0.125225
         105     1.42499    0.564639    0.124306
         106     1.35143    0.572061    0.123354
         107     1.41109    0.579902    0.122451
         108     1.74774    0.590716    0.121793
         109     1.57495    0.599745     0.12101
         110     1.55463    0.608426    0.120221
         111     1.63996    0.617719    0.119497
         112     1.94453    0.629566    0.119015
         113     2.19764    0.643443    0.118768
         114     2.22119    0.657283     0.11853
         115     2.34294    0.671941    0.118402
         116     2.27375    0.685749    0.118184
         117     3.01555    0.705662     0.11884
         118     2.16632     0.71804    0.118476
         119     1.50145    0.724624    0.117663
         120     1.47865    0.730907     0.11685
         121     1.75925    0.739406    0.116193
         122     1.56427    0.746167    0.115437
         123     1.79683    0.754709    0.114814
         124     1.79314    0.763084    0.114193
         125     2.27639     0.77519     0.11392
         126     2.65077    0.790076    0.113984
         127      2.6639     0.80483    0.114037
         128       2.859    0.820878     0.11427
         129     2.90797    0.837057    0.114524
         130     2.73436    0.851652    0.114569
         131     2.73779     0.86605    0.114596
         132     2.82547    0.880894    0.114685
         133     3.05037    0.897206    0.114977
         134     3.01012    0.912974    0.115195
         135     2.80574    0.926994    0.115192
         136     2.93837    0.941784     0.11529
         137     2.88557    0.955972    0.115318
         138     2.47951    0.967012     0.11501
         139     2.15429    0.975554    0.114499
         140     2.34993    0.985371    0.114101
         141     1.95176    0.992225    0.113498
         142     1.93402    0.998857    0.112892
         143     1.97555     1.00569    0.112309
         144     2.10624     1.01333    0.111789
         145     2.03581     1.02038     0.11124
         146     2.15379     1.02814    0.110749
         147     1.77515     1.03323    0.110112
         148      1.7097      1.0378    0.109463
         149     1.77357     1.04273    0.108839
         150     2.05776      1.0495    0.108324
         151     1.62167     1.05329    0.107673
         152     1.90119     1.05887    0.107109
         153     2.05771      1.0654    0.106608
         154      2.2571     1.07314    0.106196
         155      2.1458     1.08006    0.105736
         156     2.36679      1.0883    0.105379
         157     2.49875     1.09729     0.10509
         158     1.98697     1.10292    0.104576
         159     2.32933     1.11063    0.104202
         160     2.89326     1.12177    0.104145
         161     2.89586     1.13279     0.10408
         162     2.63017     1.14204    0.103847
         163     2.65309     1.15131    0.103623
         164     2.40357     1.15894    0.103272
         165     2.58838     1.16761    0.103008
         166     2.31401     1.17451    0.102619
         167     2.56771     1.18285    0.102343
         168     2.55532     1.19102     0.10206
         169     2.42721     1.19834    0.101717
         170     3.10067     1.20953    0.101733
         171     2.99015     1.21994    0.101669
         172      2.8504     1.22942    0.101519
         173     2.56921     1.23717    0.101227
         174     2.44229     1.24409    0.100882
         175     2.39787     1.25068    0.100521
         176     3.18857     1.26169    0.100551
         177     3.26179     1.27299    0.100616
         178     3.12575      1.2834    0.100588
         179     2.99058     1.29294    0.100477
         180     2.85028     1.30159     0.10029
         181     2.61657     1.30886   0.0999992
         182     2.36117     1.31464   0.0996167
         183      2.6466     1.32192   0.0993379
         184     2.45886      1.3281     0.09899
         185     2.51837     1.33453   0.0986638
         186     2.36256     1.34006   0.0982881
         187     2.13605     1.34431   0.0978546
         188     2.38305     1.34984   0.0974899
         189     2.21044     1.35439   0.0970804
         190     1.94697     1.35751   0.0966195
         191     1.87897     1.36024   0.0961522
         192     1.74513     1.36225   0.0956723
         193      2.0563     1.36584   0.0952442
         194     2.04414     1.36934   0.0948174
         195      2.1474     1.37333   0.0944151
         196     2.21025      1.3776   0.0940299
         197     2.23818     1.38197    0.093654
         198     2.12747     1.38573   0.0932566
         199     2.30397     1.39035   0.0929021
         200     2.23289     1.39456    0.092533
         201     1.76356      1.3964   0.0920909
         202     1.86138      1.3987   0.0916638
         203     1.55548     1.39947   0.0912155
         204     2.08521     1.40283   0.0908302
         205     2.17456      1.4066   0.0904651
         206     2.20814     1.41049   0.0901096
         207     1.99495     1.41331   0.0897185
         208     2.36068     1.41787   0.0894027
         209     2.36162     1.42238   0.0890889
         210     2.32117     1.42666   0.0887675
         211     2.35456     1.43106   0.0884556
         212     2.18784     1.43463   0.0881104
         213     2.58632     1.44004   0.0878625
         214     2.42508     1.44464   0.0875724
         215     2.38661     1.44902   0.0872746
         216     2.57567     1.45424   0.0870263
         217     2.33025     1.45827   0.0867188
         218     1.97574     1.46065   0.0863535
         219     1.91092      1.4627   0.0859837
         220     1.85072     1.46447   0.0856109
         221     1.62898     1.46521   0.0852268
         222     1.34315     1.46466   0.0848446
         223     1.53168     1.46496   0.0844647
         224     1.99636     1.46733   0.0841209
         225     1.92452     1.46937   0.0837716
         226     2.07727     1.47206   0.0834441
         227     1.92325     1.47404   0.0831002
         228     2.05785      1.4766   0.0827752
         229     1.67154     1.47745   0.0824181
         230     1.95901     1.47955   0.0820863
         231     2.24102     1.48284   0.0817971
         232     1.69328     1.48375   0.0814496
         233     1.86853      1.4854   0.0811168
         234     1.91049     1.48722   0.0807904
         235     2.12636     1.48994   0.0804924
         236     1.87405     1.49157   0.0801678
         237     1.72867     1.49257   0.0798358
         238     1.90774     1.49431   0.0795194
         239      2.0887      1.4968   0.0792256
         240     2.24325     1.49991   0.0789565
         241     1.81545     1.50122   0.0786397
         242     2.15389     1.50392    0.078361
         243     2.16509     1.50664   0.0780857
         244     2.13625     1.50922   0.0778083
         245     2.02711     1.51133   0.0775195
         246     1.58891     1.51165    0.077205
         247     2.29765     1.51483    0.076958
         248     2.07625     1.51709   0.0766809
         249     2.06986     1.51931   0.0764051
         250     2.43512     1.52298   0.0761873
         251     2.60646     1.52729   0.0760059
         252     2.06226     1.52941   0.0757339
         253     1.83987     1.53064   0.0754445
         254     1.79429     1.53168   0.0751547
         255     2.12219       1.534   0.0748956
         256     1.88365     1.53536   0.0746155
         257     1.72411      1.5361   0.0743288
         258     1.10813     1.53444   0.0740592
         259       1.359     1.53376   0.0737763
         260     1.33055     1.53298   0.0734967
         261     1.72273      1.5337   0.0732187
         262     2.00563     1.53551   0.0729614
         263     1.63271     1.53588   0.0726849
         264     1.64913      1.5363   0.0724109
         265     1.95904      1.5379   0.0721552
         266     2.06621     1.53989   0.0719113
         267     2.08782     1.54194   0.0716712
         268      2.6024      1.5459   0.0715129
         269     2.29568     1.54868   0.0713014
         270     2.07078     1.55062   0.0710635
         271     1.75193     1.55136   0.0708052
         272     1.31753      1.5505   0.0705501
         273     1.40025     1.54995   0.0702938
         274     1.46073     1.54962    0.070038
         275     1.50866     1.54947   0.0697835
         276     1.47854     1.54922   0.0695311
         277     1.64321     1.54956   0.0692809
         278     2.00386     1.55119    0.069051
         279     2.04848     1.55297   0.0688265
         280     2.18171     1.55522   0.0686173
         281     2.17773     1.55743   0.0684089
         282     2.18187     1.55965   0.0682021
         283     2.24219     1.56206   0.0680037
         284     2.02622     1.56369   0.0677839
         285     2.03986     1.56537   0.0675667
         286     2.00045     1.56689   0.0673476
         287     2.28811      1.5694   0.0671598
         288     2.61132     1.57302   0.0670239
         289     2.53493     1.57635   0.0668746
         290     2.51763     1.57959   0.0667227
         291      2.4024     1.58242   0.0665533
         292     1.99351     1.58383   0.0663403
         293     1.69162      1.5842   0.0661149
         294     1.55021     1.58408   0.0658901
         295     1.41195      1.5835   0.0656694
         296     1.61388      1.5836   0.0654476
         297     1.41998     1.58305   0.0652295
         298     1.36038      1.5823   0.0650149
         299     1.32667     1.58145   0.0648031
         300     1.06827     1.57973   0.0646097
         301     1.24912     1.57864   0.0644043
         302     1.43421     1.57816   0.0641929
         303    0.817963     1.57565     0.06403
         304     1.10767     1.57411   0.0638379
         305     1.28657     1.57317   0.0636356
         306     1.08214     1.57156   0.0634478
         307    0.957343     1.56956   0.0632727
         308     1.26732     1.56858   0.0630749
         309     1.74135     1.56914   0.0628732
         310     1.64195     1.56937   0.0626708
         311     1.74049     1.56992   0.0624717
         312     1.72965     1.57044   0.0622736
         313     1.69099     1.57082   0.0620758
         314     1.37465      1.5702   0.0618813
         315     1.45482     1.56983   0.0616859
         316     1.16426     1.56855   0.0615041
         317     0.90599     1.56646   0.0613456
         318     1.36639     1.56583   0.0611559
         319     1.18347     1.56463   0.0609759
         320     1.52091     1.56449   0.0607855
         321     1.76484     1.56512   0.0605993
         322     1.44403     1.56474   0.0604123
         323     1.48572      1.5645   0.0602258
         324       1.747     1.56506   0.0600425
         325     1.42423     1.56463   0.0598593
         326     1.50873     1.56445    0.059676
         327     1.41887     1.56401   0.0594951
         328     2.11585     1.56569   0.0593375
         329     2.01719     1.56706    0.059173
         330     1.78967     1.56774   0.0589976
         331     1.80643     1.56846   0.0588237
         332     1.80343     1.56917   0.0586508
         333     1.99913     1.57046   0.0584889
         334     1.80249     1.57115   0.0583179
         335      1.6491     1.57139   0.0581443
         336     2.01615     1.57271   0.0579863
         337     2.13096     1.57437   0.0578379
         338     2.07467     1.57585   0.0576857
         339     1.86101     1.57669   0.0575217
         340     1.94842     1.57778   0.0573629
         341     1.59254     1.57782   0.0571947
         342     1.79342     1.57846   0.0570309
         343     1.35924     1.57782   0.0568682
         344     1.28743     1.57697   0.0567092
         345       1.848     1.57776   0.0565503
         346     1.59501     1.57781   0.0563868
         347     1.40946     1.57732   0.0562264
         348     1.45427     1.57697    0.056066
         349      1.4883     1.57671   0.0559059
         350     1.23507     1.57574   0.0557547
         351     1.24418     1.57479   0.0556038
         352     1.65575     1.57502   0.0554464
         353     1.83333     1.57576   0.0552941
         354     1.24791     1.57483   0.0551457
         355      1.3529      1.5742   0.0549939
         356    0.990209     1.57256   0.0548639
         357    0.718037     1.57017   0.0547624
         358     1.10484     1.56887   0.0546248
         359     1.50312     1.56869    0.054473
         360     1.45517     1.56837   0.0543226
         361     1.38699     1.56787   0.0541744
         362      1.5965     1.56795   0.0540248
         363     1.47593     1.56769   0.0538766
         364     1.38765      1.5672   0.0537308
         365     1.35782     1.56663   0.0535867
         366     1.46787     1.56636    0.053441
         367     1.64332     1.56657   0.0532958
         368     1.79837      1.5672   0.0531547
         369     2.06068     1.56853   0.0530274
         370      1.5566      1.5685   0.0528841
         371     1.74564     1.56898   0.0527437
         372      2.0535     1.57028    0.052618
         373      2.5256     1.57284   0.0525393
         374     2.28949     1.57476   0.0524337
         375     2.26834     1.57661   0.0523265
         376     2.45761     1.57895   0.0522398
         377     2.36491     1.58104   0.0521428
         378     2.32106     1.58299   0.0520416
         379     2.14822     1.58449   0.0519256
         380     2.30444     1.58638   0.0518235
         381     2.05787     1.58762   0.0517023
         382     1.69761     1.58791   0.0515677
         383     1.65396     1.58808   0.0514334
         384     1.59907     1.58811   0.0512995
         385     1.71556     1.58844   0.0511673
         386     1.43652     1.58804   0.0510362
         387     1.41564      1.5876   0.0509063
         388     1.39412      1.5871   0.0507775
         389     1.38217     1.58657   0.0506497
         390     1.04633     1.58519   0.0505388
         391     1.23934      1.5843   0.0504173
         392     1.16164     1.58323   0.0503002
         393    0.939006     1.58159   0.0501989
         394     1.02732     1.58018   0.0500912
         395     1.30363     1.57948   0.0499693
         396     1.43245     1.57911   0.0498445
         397     1.52289     1.57897   0.0497191
         398     1.53475     1.57885   0.0495943
         399    0.966058     1.57732   0.0494938
         400     1.11543     1.57616   0.0493836
         401     1.01298     1.57476   0.0492804
         402     1.31447     1.57411    0.049162
         403       1.827     1.57474    0.049044
         404     1.72553     1.57511   0.0489241
         405     1.52413     1.57499   0.0488034
         406    0.987456     1.57354   0.0487047
         407     0.57835     1.57109   0.0486464
         408     0.73713     1.56905     0.04857
         409    0.951794     1.56754   0.0484747
         410     1.03758     1.56625   0.0483737
         411     1.44723     1.56596   0.0482569
         412     1.24715     1.56519    0.048146
         413      1.5294      1.5651   0.0480295
         414     1.63247     1.56526   0.0479137
         415     1.62623     1.56541   0.0477985
         416     1.76331     1.56588    0.047686
         417     1.33683     1.56534   0.0475748
         418     1.41421     1.56497   0.0474623
         419     1.77383     1.56547   0.0473517
         420     1.87116      1.5662   0.0472445
         421     1.66202     1.56643   0.0471329
         422     1.40435     1.56604   0.0470227
         423     1.97401     1.56701   0.0469215
         424     1.48095     1.56681   0.0468112
         425     1.61727     1.56692   0.0467012
         426     1.93308     1.56778   0.0465995
         427     1.73823     1.56818   0.0464921
         428     1.50439     1.56803   0.0463837
         429     1.67046     1.56827   0.0462762
         430     1.70055     1.56858   0.0461696
         431     1.75486     1.56901   0.0460645
         432     1.83768     1.56963   0.0459621
         433     1.84408     1.57027   0.0458603
         434     1.96844     1.57119   0.0457638
         435     1.73146     1.57155   0.0456601
         436     1.62287     1.57167   0.0455555
         437     1.98057     1.57261   0.0454609
         438     1.29212     1.57197   0.0453616
         439     1.56142     1.57194   0.0452583
         440     1.54098     1.57187   0.0451555
         441     1.25672     1.57116   0.0450587
         442     1.24969     1.57043   0.0449627
         443    0.935466       1.569    0.044884
         444     1.33098     1.56846   0.0447861
         445     1.19401     1.56762   0.0446934
         446      1.2549     1.56692   0.0445987
         447     1.31765     1.56636   0.0445024
         448     1.23122     1.56561   0.0444093
         449     1.33644      1.5651   0.0443134
         450     1.07459     1.56401   0.0442283
         451    0.770946     1.56225   0.0441652
         452     1.06179     1.56115   0.0440813
         453     1.46314     1.56093   0.0439846
         454     1.66122     1.56115   0.0438882
         455     1.59258     1.56122   0.0437918
         456     1.57928     1.56126   0.0436958
         457     1.78359     1.56175   0.0436029
         458     1.93279     1.56256   0.0435152
         459     1.85709      1.5632   0.0434251
         460     1.55941     1.56319   0.0433307
         461     1.63175     1.56334    0.043237
         462     1.82251      1.5639   0.0431471
         463     1.41782     1.56358    0.043055
         464     1.39944     1.56323   0.0429637
         465     1.22624     1.56251   0.0428774
         466     1.72205     1.56285   0.0427868
         467     2.07905     1.56395   0.0427094
         468     1.98387     1.56485   0.0426276
         469     1.91371     1.56559   0.0425432
         470     2.02925     1.56658   0.0424641
         471     2.24323     1.56802   0.0423982
         472     1.96388     1.56886   0.0423167
         473     2.09616     1.56997   0.0422419
         474      2.1866     1.57127   0.0421728
         475      1.7126     1.57157   0.0420851
         476     2.09639     1.57267   0.0420111
         477     2.10882      1.5738   0.0419381
         478       2.154     1.57501   0.0418679
         479     1.91703     1.57572   0.0417866
         480     1.75296     1.57609   0.0417012
         481     1.59061     1.57612   0.0416145
         482     1.64772     1.57627   0.0415284
         483     2.01129     1.57717   0.0414522
         484     1.80595     1.57765   0.0413692
         485     1.57329     1.57764   0.0412839
         486     1.12599     1.57671   0.0412095
         487     1.01447     1.57555    0.041141
         488     1.36803     1.57513   0.0410589
         489     1.09348     1.57414   0.0409867
         490     1.31021      1.5736   0.0409066
         491     1.48943     1.57343   0.0408237
         492     1.64774     1.57358    0.040741
         493     1.74967     1.57394   0.0406599
         494     1.94921      1.5747   0.0405847
         495     2.36133     1.57629   0.0405338
         496     2.30992     1.57777   0.0404791
         497     2.36147     1.57934   0.0404283
         498     2.22145     1.58063   0.0403677
         499     2.14159     1.58176   0.0403025
         500     1.64434     1.58188    0.040222
         501     2.11721     1.58295   0.0401559
         502     2.00712      1.5838   0.0400848
         503     1.69028     1.58401   0.0400057
         504     1.25251     1.58335   0.0399317
         505      1.7262     1.58363   0.0398537
         506       1.631     1.58373    0.039775
         507     1.75277     1.58406    0.039698
         508     1.78196     1.58445   0.0396217
         509     1.69158     1.58466   0.0395444
         510     1.74213     1.58497   0.0394681
         511     2.00869      1.5858   0.0393996
         512     1.98872     1.58659   0.0393305
         513     1.41332     1.58625   0.0392553
         514     1.50398     1.58609   0.0391792
         515     1.46094     1.58585   0.0391039
         516     1.37139     1.58543   0.0390303
         517     1.75081     1.58575   0.0389561
         518     1.88857     1.58633   0.0388853
         519     2.07337     1.58727   0.0388217
         520     2.20138     1.58845    0.038765
         521     1.92382      1.5891    0.038696
         522       2.321      1.5905   0.0386472
         523     2.06308      1.5914   0.0385839
         524     1.97434     1.59213   0.0385172
         525     1.38408     1.59174   0.0384459
         526       1.638     1.59183   0.0383729
         527     1.81318     1.59225   0.0383024
         528     1.66496     1.59238   0.0382301
         529     1.43113     1.59208    0.038159
         530     1.58369     1.59206    0.038087
         531     1.40339     1.59171   0.0380169
         532     1.50129     1.59154   0.0379459
         533     1.93286     1.59218   0.0378801
         534       2.065     1.59306   0.0378195
         535     1.93519      1.5937   0.0377542
         536     1.50092     1.59353   0.0376842
         537     1.65473     1.59364   0.0376142
         538     1.85666     1.59413   0.0375474
         539     1.64166     1.59422   0.0374779
         540     1.90677      1.5948   0.0374129
         541     2.27047     1.59605   0.0373646
         542     2.03505     1.59686   0.0373044
         543     1.95556     1.59752   0.0372416
         544     2.29411      1.5988   0.0371951
         545     2.11072     1.59974   0.0371388
         546      2.0157      1.6005   0.0370785
         547     1.44209     1.60021   0.0370119
         548     1.66814     1.60033   0.0369446
         549     1.81371     1.60072   0.0368793
         550     1.12717     1.59986   0.0368223
         551     1.07907     1.59892   0.0367676
         552     1.20537      1.5982   0.0367079
         553     1.26481      1.5976   0.0366465
         554     1.12426     1.59675   0.0365903
         555       1.134     1.59591   0.0365339
         556     1.26642     1.59532    0.036473
         557     1.61005     1.59535   0.0364075
         558     1.46616     1.59512    0.036343
         559     1.84529     1.59556   0.0362807
         560     1.45735     1.59532   0.0362168
         561     1.43648     1.59503   0.0361533
         562     1.65077     1.59513   0.0360891
         563     1.83629     1.59556   0.0360276
         564     1.81462     1.59595   0.0359658
         565     1.46691     1.59572   0.0359029
         566     1.52207     1.59559   0.0358397
         567     2.01523     1.59633   0.0357841
         568     2.00768     1.59705   0.0357284
         569     2.34454     1.59837   0.0356898
         570     2.24997     1.59951   0.0356455
         571     2.21644     1.60059   0.0355994
         572     2.28222     1.60178   0.0355571
         573     2.21539     1.60285   0.0355112
         574     1.96878     1.60349    0.035455
         575     1.95374      1.6041   0.0353986
         576     2.25352     1.60523   0.0353551
         577       2.219     1.60629   0.0353098
         578     2.26284     1.60743    0.035267
         579     1.97436     1.60806   0.0352118
         580      2.1422     1.60898   0.0351631
         581     1.40833     1.60864   0.0351043
         582     1.60112     1.60862    0.035044
         583       1.373     1.60822   0.0349862
         584     1.91286     1.60874   0.0349302
         585     1.81128     1.60909   0.0348722
         586     1.57696     1.60903   0.0348127
         587     1.36918     1.60862   0.0347558
         588     1.41727      1.6083   0.0346982
         589     1.01024     1.60728   0.0346542
         590     1.26826     1.60671   0.0346002
         591     1.62469     1.60674   0.0345417
         592     2.00055     1.60741   0.0344897
         593     1.65256     1.60748   0.0344316
         594     1.72277     1.60768   0.0343742
         595     1.50497      1.6075   0.0343169
         596     1.68332     1.60763   0.0342595
         597     1.46128     1.60738    0.034203
         598     1.37301     1.60699   0.0341481
         599     1.72423     1.60719   0.0340916
         600     1.76703     1.60745   0.0340359
         601      1.2347     1.60683   0.0339849
         602     1.19811     1.60616   0.0339352
         603     1.19208     1.60547   0.0338859
         604      1.0485     1.60455   0.0338423
         605     1.06462     1.60365   0.0337981
         606     1.09057     1.60281    0.033753
         607     1.42369     1.60251   0.0336987
         608     1.63639     1.60257   0.0336433
         609     1.33871     1.60214   0.0335908
         610    0.967099     1.60109   0.0335519
         611     1.31809     1.60063   0.0335002
         612     1.31783     1.60017   0.0334486
         613     1.18813      1.5995   0.0334008
         614     1.28793     1.59899   0.0333503
         615     1.09977     1.59818   0.0333059
         616     1.24473      1.5976   0.0332568
         617     1.38847     1.59726   0.0332046
         618      1.2648     1.59673   0.0331552
         619     1.12835     1.59597   0.0331103
         620     1.01244     1.59503   0.0330703
         621     1.22539     1.59443   0.0330224
         622     1.62151     1.59448   0.0329693
         623     1.67736     1.59461   0.0329167
         624      1.1754     1.59394   0.0328708
         625     1.20787     1.59332    0.032824
         626     1.58484     1.59331   0.0327715
         627     1.28042     1.59281   0.0327231
         628     1.00237     1.59187   0.0326845
         629     1.09481     1.59108   0.0326421
         630     1.09939      1.5903   0.0325996
         631      1.5135     1.59018   0.0325481
         632     1.74298     1.59042   0.0324975
         633     1.90991     1.59092   0.0324501
         634     2.02979     1.59161   0.0324063
         635     1.59766     1.59162   0.0323553
         636     1.85588     1.59204   0.0323071
         637     1.84746     1.59244   0.0322589
         638     1.76537     1.59271   0.0322094
         639     1.87521     1.59315   0.0321621
         640     1.51093     1.59303   0.0321121
         641     1.37901     1.59269   0.0320637
         642     1.51212     1.59257    0.032014
         643     1.49634     1.59242   0.0319646
         644     1.22778     1.59185   0.0319199
         645     1.35966     1.59149   0.0318725
         646     1.99432     1.59211   0.0318292
         647     1.88941     1.59257   0.0317834
         648     1.88698     1.59303   0.0317376
         649     1.65715     1.59313   0.0316888
         650     1.38449     1.59281   0.0316417
         651     1.51229     1.59268   0.0315933
         652     1.92945      1.5932   0.0315491
         653     1.80393     1.59352   0.0315024
         654     1.91761     1.59402   0.0314582
         655     1.91926     1.59451    0.031414
         656     1.82417     1.59486   0.0313681
         657     1.73801     1.59508   0.0313211
         658     1.49335     1.59493   0.0312739
         659     1.63071     1.59498   0.0312265
         660     1.67887     1.59511   0.0311794
         661     2.15372     1.59595   0.0311437
         662     2.35943     1.59711    0.031118
         663     2.18527     1.59799   0.0310837
         664     2.22893     1.59894   0.0310514
         665     2.77915     1.60072   0.0310554
         666      2.3483     1.60184   0.0310291
         667     2.16649     1.60269   0.0309941
         668     2.47654       1.604   0.0309753
         669     2.56361     1.60543   0.0309622
         670     2.11975      1.6062   0.0309255
         671     2.21589     1.60711   0.0308927
         672     2.01521     1.60771   0.0308527
         673      1.7091     1.60786   0.0308073
         674     2.02352     1.60848   0.0307677
         675     2.09723      1.6092   0.0307307
         676     2.08489     1.60991   0.0306933
         677     2.51913     1.61125   0.0306773
         678     2.26235     1.61221   0.0306471
         679     2.29804     1.61322   0.0306186
         680     1.93222     1.61369   0.0305771
         681     2.02947      1.6143   0.0305383
         682      2.0878       1.615   0.0305015
         683     1.84933     1.61534   0.0304587
         684     1.63801     1.61537   0.0304142
         685     1.83291     1.61569   0.0303715
         686     1.91346     1.61612   0.0303303
         687     2.47406     1.61737   0.0303118
         688     1.90308     1.61779   0.0302706
         689     2.19724     1.61863   0.0302384
         690     1.74413     1.61881   0.0301951
         691     2.08743     1.61949    0.030159
         692     1.45472     1.61925   0.0301164
         693     2.13628        1.62   0.0300822
         694     1.74471     1.62018   0.0300394
         695     2.11837     1.62089   0.0300047
         696      1.7248     1.62104   0.0299619
         697     1.68999     1.62114   0.0299191
         698      1.7852     1.62138   0.0298772
         699     1.64405     1.62141   0.0298345
         700     1.90991     1.62182   0.0297947
         701     2.18665     1.62263   0.0297631
         702     2.45807     1.62382   0.0297445
         703     2.34802     1.62485     0.02972
         704     1.90429     1.62524   0.0296804
         705     1.64171     1.62527   0.0296383
         706     1.48225     1.62506    0.029597
         707     1.58455     1.62501   0.0295552
         708     1.64462     1.62504   0.0295135
         709     1.50734     1.62487   0.0294723
         710     1.55255     1.62477    0.029431
         711      1.5548     1.62467   0.0293898
         712     1.52534     1.62453   0.0293488
         713     1.44601     1.62428   0.0293087
         714     1.36845     1.62392   0.0292699
         715     1.55374     1.62382   0.0292291
         716     1.76376     1.62402   0.0291889
         717     1.41195     1.62372   0.0291497
         718     1.47306     1.62351   0.0291099
         719     1.62899     1.62352   0.0290694
         720     1.55715     1.62343   0.0290292
         721     1.62656     1.62343   0.0289889
         722     2.16275     1.62418   0.0289584
         723     2.01159     1.62471   0.0289233
         724     1.72637     1.62486   0.0288837
         725     1.87004     1.62519   0.0288458
         726     1.68975     1.62528   0.0288062
         727     1.91636     1.62568   0.0287694
         728     2.28938     1.62659   0.0287443
         729     2.43073      1.6277    0.028726
         730     2.16325     1.62843    0.028696
         731     1.95793     1.62888   0.0286603
         732     2.01669     1.62941   0.0286261
         733      2.0967     1.63005   0.0285941
         734     2.03667      1.6306   0.0285605
         735     1.86146     1.63092   0.0285234
         736     1.93837     1.63134   0.0284877
         737     2.14204     1.63203   0.0284575
         738     1.93722     1.63244   0.0284219
         739     1.75941     1.63261    0.028384
         740     2.16068     1.63333   0.0283546
         741      2.1073     1.63397   0.0283235
         742     2.18607     1.63471   0.0282951
         743      2.0715      1.6353   0.0282632
         744       2.505     1.63647   0.0282493
         745      2.1024     1.63709   0.0282183
         746     2.08224     1.63769   0.0281868
         747     2.08605     1.63829   0.0281555
         748     2.08894     1.63889   0.0281243
         749     2.01602      1.6394   0.0280912
         750     1.85293     1.63968   0.0280552
         751     1.74992     1.63983   0.0280182
         752     1.96306     1.64026   0.0279843
         753     1.91287     1.64062   0.0279495
         754     1.95391     1.64103   0.0279155
         755     2.33018     1.64195   0.0278934
         756     2.21562     1.64271   0.0278669
         757     2.11626     1.64333   0.0278371
         758     1.98658     1.64378    0.027804
         759     2.93988     1.64549   0.0278198
         760     2.82028     1.64704   0.0278261
         761     2.69452     1.64841   0.0278235
         762     2.57255     1.64963   0.0278134
         763     2.20895     1.65036   0.0277867
         764     2.03164     1.65086   0.0277548
         765     2.47249     1.65193   0.0277393
         766     2.66667     1.65326   0.0277347
         767     2.28269     1.65408   0.0277106
         768     2.45886     1.65513   0.0276944
         769     2.22484     1.65587   0.0276683
         770     2.74579     1.65728   0.0276685
         771      2.6204     1.65853   0.0276608
         772     2.76422     1.65996    0.027662
         773     2.96144     1.66165   0.0276774
         774     3.04553     1.66344   0.0276994
         775     2.96342     1.66511   0.0277144
         776     2.64045     1.66637   0.0277071
         777     2.64527     1.66763   0.0277001
         778     2.01808     1.66808   0.0276682
         779     1.82729     1.66829   0.0276334
         780     2.25811     1.66904   0.0276083
         781     2.07055     1.66956   0.0275778
         782     2.13066     1.67014   0.0275488
         783     2.21743     1.67084   0.0275225
         784     1.98151     1.67124   0.0274902
         785     1.94203     1.67159   0.0274574
         786     1.84324      1.6718   0.0274233
         787     1.88746     1.67208   0.0273898
         788     2.11551     1.67264   0.0273608
         789     1.92677     1.67296   0.0273281
         790     1.96283     1.67333   0.0272959
         791     1.93038     1.67365   0.0272634
         792     2.13741     1.67424   0.0272352
         793     2.16195     1.67485   0.0272078
         794     2.12954     1.67543   0.0271796
         795     2.22226     1.67612   0.0271541
         796     2.06827     1.67661   0.0271245
         797     2.25289     1.67733   0.0271001
         798     2.32084     1.67814   0.0270781
         799     2.84246     1.67959   0.0270834
         800     2.00881     1.68001   0.0270527
         801     2.61099     1.68117   0.0270438
         802     2.79859     1.68256    0.027046
         803     2.85981     1.68403    0.027052
         804     2.92561     1.68557   0.0270624
         805     2.51151      1.6866   0.0270482
         806     1.96586     1.68694   0.0270169
         807     1.75583     1.68703   0.0269835
         808     1.85591     1.68724    0.026951
         809     1.79236     1.68737    0.026918
         810     2.36034      1.6882   0.0268975
         811     2.25375      1.6889   0.0268734
         812     1.97501     1.68925   0.0268426
         813     2.21769      1.6899   0.0268175
         814      1.7733        1.69   0.0267847
         815     2.00214     1.69038   0.0267546
         816      2.1842     1.69099   0.0267287
         817     2.54609     1.69204   0.0267164
         818     2.82984     1.69343     0.02672
         819     3.06469      1.6951   0.0267397
         820     2.56839     1.69617   0.0267283
         821     2.67377     1.69736   0.0267223
         822     2.14179      1.6979   0.0266952
         823     1.95774     1.69821   0.0266647
         824     2.15233     1.69877    0.026638
         825     1.84985     1.69895   0.0266063
         826     1.49877     1.69871   0.0265752
         827     1.76134     1.69878   0.0265432
         828     2.12563      1.6993   0.0265162
         829     2.25043     1.69996   0.0264925
         830     2.27825     1.70066   0.0264698
         831     2.02885     1.70105   0.0264408
         832     2.00703     1.70142   0.0264116
         833      2.0276     1.70181   0.0263828
         834      2.0419     1.70222   0.0263543
         835     2.42881     1.70309   0.0263371
         836     2.60463     1.70417   0.0263277
         837     2.23105      1.7048   0.0263038
         838     2.13916     1.70532   0.0262775
         839     1.76655     1.70539   0.0262463
         840     1.83646     1.70555   0.0262155
         841     1.49516      1.7053   0.0261855
         842      1.6344     1.70521   0.0261545
         843     1.78781     1.70531   0.0261237
         844     2.37129      1.7061   0.0261047
         845     2.16527     1.70664   0.0260794
         846     2.01972     1.70701   0.0260512
         847      2.0064     1.70737   0.0260229
         848     2.24995     1.70801       0.026
         849     2.30864     1.70871    0.025979
         850     2.00412     1.70906   0.0259508
         851     1.79168     1.70916   0.0259205
         852     2.18256     1.70971    0.025896
         853     2.45819     1.71059   0.0258805
         854     2.58103     1.71161   0.0258703
         855     2.44605     1.71247   0.0258543
         856     2.58984     1.71349   0.0258444
         857     2.64279     1.71458    0.025837
         858     2.57335     1.71558   0.0258262
         859      2.0926     1.71602   0.0257999
         860     2.32051     1.71672   0.0257795
         861     2.17709     1.71726   0.0257551
         862     2.30673     1.71794   0.0257343
         863     2.39313     1.71872   0.0257163
         864     2.60374     1.71975    0.025707
         865     2.78168     1.72097   0.0257066
         866     2.67487     1.72208   0.0257005
         867     2.39266     1.72285   0.0256824
         868     2.19169     1.72339   0.0256585
         869     2.22492     1.72397   0.0256355
         870     2.21447     1.72453   0.0256122
         871     2.49478     1.72541   0.0255981
         872     2.32129      1.7261   0.0255779
         873     2.67959     1.72719   0.0255719
         874     1.85242     1.72733    0.025543
         875     2.02531     1.72767   0.0255161
         876     2.31102     1.72834   0.0254956
         877     2.31333     1.72901   0.0254753
         878     2.43059     1.72981   0.0254588
         879     2.77052     1.73099   0.0254574
         880     2.84262     1.73225   0.0254598
         881     2.41956     1.73303   0.0254428
         882     2.41579     1.73381   0.0254257
         883     2.15309     1.73428   0.0254014
         884     2.14831     1.73475    0.025377
         885      2.2402     1.73532   0.0253547
         886     2.17609     1.73582    0.025331
         887     2.50934     1.73669   0.0253174
         888     2.16032     1.73717   0.0252934
         889     2.17626     1.73766   0.0252698
         890     1.99856     1.73796   0.0252431
         891     2.56552     1.73888   0.0252318
         892     1.88773     1.73905   0.0252041
         893     1.87827     1.73921   0.0251764
         894     1.59704     1.73905   0.0251487
         895     2.02149     1.73936   0.0251226
         896     2.07526     1.73974   0.0250973
         897     2.28632     1.74035   0.0250768
         898     1.97949     1.74061   0.0250502
         899      2.1884     1.74111   0.0250273
         900     1.78483     1.74116   0.0249996
         901     1.96713     1.74141   0.0249731
         902     1.97422     1.74167   0.0249467
         903     2.25444     1.74224   0.0249256
         904     2.21983     1.74277   0.0249036
         905      2.0335     1.74309   0.0248781
         906     2.22852     1.74362   0.0248565
         907     2.64775     1.74462    0.024849
         908     2.27987     1.74521   0.0248287
         909      1.9863     1.74547   0.0248028
         910     2.65203     1.74647   0.0247955
         911     2.44313     1.74724   0.0247801
         912     2.22392     1.74776   0.0247584
         913     2.08581     1.74813   0.0247341
         914     2.26071     1.74869   0.0247134
         915     2.58065      1.7496   0.0247031
         916     2.44616     1.75036   0.0246878
         917     2.43466      1.7511   0.0246722
         918     2.74084     1.75218   0.0246688
         919     2.64775     1.75316   0.0246612
         920     2.32965     1.75378   0.0246424
         921     2.23109      1.7543   0.0246211
         922     2.61745     1.75524   0.0246122
         923     2.48486     1.75603   0.0245982
         924     2.38734     1.75671    0.024581
         925     2.18522     1.75718   0.0245588
         926     2.54803     1.75803   0.0245472
         927     2.81652     1.75917   0.0245472
         928     2.67179     1.76015   0.0245405
         929      2.3906     1.76083   0.0245234
         930     2.48241     1.76161   0.0245093
         931     2.45398     1.76235   0.0244943
         932     2.90967     1.76358   0.0244989
         933     2.59773     1.76448    0.024489
         934      2.7103     1.76549   0.0244837
         935      2.9769     1.76679   0.0244917
         936     2.32773     1.76739   0.0244729
         937      2.7184      1.7684   0.0244678
         938     2.39507     1.76907   0.0244509
         939     2.36936     1.76971   0.0244332
         940     2.32555      1.7703   0.0244143
         941     2.17431     1.77073   0.0243922
         942     2.38055     1.77138   0.0243749
         943     2.54695      1.7722   0.0243629
         944     2.58668     1.77306   0.0243524
         945     3.27299     1.77465   0.0243783
         946     2.84433     1.77578   0.0243787
         947     2.46344     1.77651   0.0243638
         948     2.55149     1.77732   0.0243518
         949     2.59899     1.77819   0.0243415
         950     3.14504     1.77963   0.0243584
         951     2.67396     1.78057   0.0243509
         952     2.61381     1.78144    0.024341
         953     2.36786     1.78206   0.0243233
         954     2.05543     1.78235   0.0242995
         955     1.82915     1.78239   0.0242741
         956      1.6706     1.78228    0.024249
         957     1.64591     1.78213    0.024224
         958     1.95538     1.78232   0.0241994
         959     1.70784     1.78224   0.0241743
         960     1.54461     1.78199   0.0241504
         961     1.68365     1.78189   0.0241255
         962     1.67822     1.78178   0.0241007
         963      1.5341     1.78152    0.024077
         964     1.46603      1.7812   0.0240543
         965     1.60394     1.78101     0.02403
         966     1.88908     1.78112   0.0240054
         967     1.66445       1.781   0.0239809
         968     1.82201     1.78105   0.0239562
         969     1.58958     1.78085   0.0239323
         970    0.972567     1.78001   0.0239221
         971    0.925797     1.77913   0.0239136
         972     1.61069     1.77896   0.0238896
         973     1.70804     1.77889   0.0238652
         974     1.85143     1.77896   0.0238408
         975     1.73512     1.77892   0.0238164
         976     1.38332     1.77851   0.0237954
         977     2.02078     1.77876   0.0237724
         978      1.7197      1.7787   0.0237482
         979     2.03702     1.77896   0.0237254
         980     1.35991     1.77854    0.023705
         981     1.66615     1.77842   0.0236811
         982     1.46385      1.7781   0.0236592
         983     1.84047     1.77817   0.0236352
         984       1.738     1.77812   0.0236112
         985     2.27353     1.77863   0.0235926
         986     1.98229     1.77883   0.0235696
         987      1.7592     1.77881   0.0235457
         988      1.5827     1.77862   0.0235227
         989     1.67138     1.77851   0.0234992
         990     1.64183     1.77837   0.0234758
         991     1.71396      1.7783   0.0234522
         992      1.9365     1.77846   0.0234291
         993     1.68758     1.77837   0.0234057
         994     2.06696     1.77866    0.023384
         995     2.08211     1.77897   0.0233625
         996     2.49414     1.77969     0.02335
         997     2.72981     1.78064   0.0233461
         998     2.25594     1.78111   0.0233275
         999      2.3878     1.78172   0.0233121
        1000     2.33757     1.78228   0.0232954
        1001     2.62816     1.78312   0.0232874
        1002     2.43223     1.78377   0.0232732
        1003     2.22236     1.78421   0.0232541
        1004     1.58386     1.78401   0.0232318
        1005     1.55315     1.78378   0.0232098
        1006      1.4016      1.7834   0.0231899
        1007     1.85538     1.78347   0.0231669
        1008     1.96717     1.78365   0.0231447
        1009     2.42981     1.78429   0.0231306
        1010     1.71952     1.78423   0.0231078
        1011       1.838     1.78428    0.023085
        1012      2.0428     1.78454   0.0230636
        1013     2.03989     1.78479   0.0230422
        1014     1.98422     1.78499   0.0230203
        1015     2.31249     1.78551   0.0230035
        1016     2.62225     1.78633   0.0229956
        1017     2.23161     1.78677   0.0229772
        1018     2.49971     1.78747   0.0229653
        1019     2.59178     1.78826   0.0229563
        1020     2.14629     1.78861   0.0229365
        1021     2.06635     1.78888   0.0229156
        1022     2.19388     1.78928   0.0228966
        1023     2.18091     1.78966   0.0228774
        1024     2.26186     1.79012   0.0228597
        1025     2.44432     1.79076   0.0228463
        1026     2.06753     1.79103   0.0228257
        1027     2.34455     1.79157   0.0228098
        1028     2.21432     1.79198   0.0227913
        1029     2.40922     1.79258   0.0227771
        1030     2.04644     1.79282   0.0227563
        1031      2.0327     1.79306   0.0227354
        1032     1.50339     1.79278   0.0227151
        1033     1.47225     1.79247   0.0226952
        1034     1.46938     1.79215   0.0226754
        1035     1.26712     1.79165   0.0226592
        1036     1.07478     1.79095   0.0226479
        1037     1.48708     1.79066   0.0226279
        1038     1.68337     1.79056   0.0226064
        1039     1.39593     1.79018   0.0225878
        1040     1.40716     1.78981   0.0225691
        1041     1.92462     1.78994   0.0225478
        1042     2.07974     1.79022   0.0225279
        1043     1.86859     1.79029   0.0225064
        1044     1.94456     1.79044   0.0224853
        1045     2.02391     1.79066   0.0224649
        1046     1.77964     1.79065   0.0224434
        1047     1.83403      1.7907    0.022422
        1048     1.98825     1.79088   0.0224014
        1049     2.23546     1.79131   0.0223841
        1050     2.45069     1.79194   0.0223716
        1051     2.08195     1.79221    0.022352
        1052     2.28461     1.79268   0.0223356
        1053      2.0157     1.79289   0.0223154
        1054        1.72     1.79282   0.0222944
        1055     1.50552     1.79255   0.0222749
        1056     1.84027     1.79259   0.0222539
        1057     2.23835     1.79302   0.0222368
        1058     2.08292     1.79329   0.0222175
        1059     2.04721     1.79353   0.0221978
        1060     1.86721      1.7936   0.0221769
        1061     1.73053     1.79354   0.0221561
        1062     1.58292     1.79334   0.0221362
        1063     1.92729     1.79347   0.0221157
        1064     1.97656     1.79364   0.0220956
        1065     2.09441     1.79392   0.0220766
        1066     2.39152     1.79448    0.022063
        1067     2.16026     1.79483    0.022045
        1068     2.41554     1.79541    0.022032
        1069     3.17459      1.7967   0.0220492
        1070     2.55495     1.79741   0.0220399
        1071     2.58311     1.79814   0.0220316
        1072     2.46241     1.79876   0.0220197
        1073     2.80545      1.7997   0.0220192
        1074      2.6703     1.80051   0.0220136
        1075     2.20927     1.80089   0.0219964
        1076      2.2987     1.80135   0.0219808
        1077     1.97981     1.80152   0.0219611
        1078     1.91587     1.80162   0.0219409
        1079     1.61554     1.80145   0.0219213
        1080     2.04705     1.80168   0.0219022
        1081     1.81994     1.80169   0.0218819
        1082     1.59968     1.80151   0.0218625
        1083     1.47296      1.8012   0.0218444
        1084      1.5793       1.801   0.0218252
        1085      1.3888     1.80062   0.0218084
        1086     1.45691      1.8003   0.0217906
        1087     1.56506     1.80009   0.0217716
        1088     1.52326     1.79983   0.0217531
        1089     1.54948      1.7996   0.0217344
        1090     1.73483     1.79954   0.0217145
        1091     1.67259     1.79943   0.0216949
        1092     1.68497     1.79932   0.0216753
        1093      1.9054     1.79942   0.0216557
        1094     1.99397      1.7996   0.0216366
        1095     1.93946     1.79972   0.0216172
        1096     2.06493     1.79997   0.0215989
        1097     2.00738     1.80016     0.02158
        1098     2.04175     1.80038   0.0215615
        1099     1.72982     1.80031   0.0215419
        1100     1.42215     1.79997   0.0215251
        1101     1.65383     1.79984    0.021506
        1102     1.87506      1.7999   0.0214866
        1103     1.80639     1.79991   0.0214671
        1104      1.9346     1.80003    0.021448
        1105     1.97458     1.80019   0.0214291
        1106      1.8246     1.80021   0.0214098
        1107     1.94551     1.80034   0.0213908
        1108     1.85469     1.80039   0.0213716
        1109     1.61111     1.80022    0.021353
        1110     1.69033     1.80012    0.021334
        1111     1.65753     1.79999   0.0213152
        1112     1.65599     1.79986   0.0212964
        1113     1.61124     1.79969   0.0212779
        1114     1.14395     1.79911    0.021267
        1115     1.16406     1.79854   0.0212555
        1116     1.50075     1.79827   0.0212382
        1117       1.507     1.79801   0.0212208
        1118     1.44758      1.7977   0.0212041
        1119     1.88334     1.79777   0.0211853
        1120     1.90767     1.79787   0.0211666
        1121     1.42957     1.79754   0.0211503
        1122     1.58168     1.79735   0.0211323
        1123      1.6806     1.79725   0.0211137
        1124     1.48164     1.79696   0.0210968
        1125     1.45158     1.79666   0.0210803
        1126      1.2895     1.79621   0.0210664
        1127     1.50015     1.79594   0.0210493
        1128     1.67056     1.79583    0.021031
        1129     1.57094     1.79563   0.0210133
        1130     1.56774     1.79543   0.0209956
        1131     1.70638     1.79535   0.0209772
        1132     1.36751     1.79498   0.0209621
        1133      1.6282     1.79483   0.0209441
        1134      2.1056      1.7951   0.0209274
        1135     2.50676     1.79573   0.0209184
        1136     2.03016     1.79594    0.020901
        1137     1.62223     1.79578   0.0208832
        1138     1.89675     1.79587    0.020865
        1139     1.95518     1.79601   0.0208472
        1140     2.11334     1.79629   0.0208307
        1141      2.2426     1.79668   0.0208161
        1142     2.19372     1.79703   0.0208008
        1143     2.01894     1.79722   0.0207835
        1144     1.52717     1.79699   0.0207667
        1145     1.99311     1.79716   0.0207493
        1146     2.12709     1.79745   0.0207332
        1147     2.13589     1.79774   0.0207172
        1148     1.90891     1.79784   0.0206994
        1149     1.96096     1.79798   0.0206818
        1150     1.83144     1.79801   0.0206639
        1151     1.74979     1.79797    0.020646
        1152      2.1474     1.79827   0.0206303
        1153     2.41911     1.79881   0.0206194
        1154     2.10428     1.79907   0.0206032
        1155     2.25779     1.79947   0.0205892
        1156     1.94245     1.79959   0.0205718
        1157     2.14666     1.79989   0.0205562
        1158     1.99044     1.80006   0.0205391
        1159     1.74158     1.80001   0.0205214
        1160      1.8404     1.80004   0.0205038
        1161     2.06365     1.80027   0.0204874
        1162     2.31746     1.80072   0.0204746
        1163     2.36786      1.8012   0.0204628
        1164     2.25097     1.80159   0.0204488
        1165     2.14647     1.80189   0.0204334
        1166     1.97055     1.80203   0.0204164
        1167     1.95753     1.80216   0.0203994
        1168     1.89681     1.80224   0.0203821
        1169     2.33668      1.8027   0.0203697
        1170     2.36968     1.80319   0.0203581
        1171     2.05279      1.8034   0.0203418
        1172     2.33532     1.80385   0.0203295
        1173     2.20312     1.80419   0.0203151
        1174     2.24651     1.80457   0.0203012
        1175     2.06269     1.80479   0.0202852
        1176     1.71635     1.80471    0.020268
        1177     2.08447     1.80495   0.0202522
        1178     2.22593     1.80531   0.0202382
        1179     2.40692     1.80582   0.0202274
        1180     2.13763      1.8061   0.0202123
        1181     1.74086     1.80605   0.0201952
        1182     2.38649     1.80654   0.0201841
        1183       2.394     1.80703   0.0201731
        1184     2.38182     1.80752    0.020162
        1185     2.22063     1.80787    0.020148
        1186     2.39368     1.80836    0.020137
        1187     2.12061     1.80862   0.0201218
        1188     1.79755     1.80862   0.0201048
        1189     1.81405     1.80862   0.0200879
        1190     1.93978     1.80873   0.0200713
        1191     2.09608     1.80897   0.0200559
        1192     2.31174     1.80939   0.0200436
        1193     2.30605     1.80981   0.0200311
        1194     2.30359     1.81022   0.0200186
        1195     2.26481      1.8106   0.0200054
        1196     2.80784     1.81144   0.0200061
        1197     2.49035       1.812   0.0199974
        1198     2.41132      1.8125    0.019987
        1199     2.31719     1.81293   0.0199747
        1200     1.73101     1.81286   0.0199582
