#     BLOCK:   ACTUAL_T:     T_AVE:       ERROR:
           1           2           2           0
           2     1.99998     1.99999 6.37103e-06
           3     1.99993     1.99997 1.76686e-05
           4     1.99984     1.99994  3.1487e-05
           5     1.99971     1.99989 4.74409e-05
           6     1.99955     1.99984 6.52804e-05
           7     1.99935     1.99977 8.48301e-05
           8     1.99912     1.99969  0.00010596
           9     1.99885     1.99959 0.000128569
          10     1.99854     1.99949 0.000152578
          11      1.9982     1.99937 0.000177922
          12     1.99782     1.99924 0.000204548
          13     1.99741      1.9991 0.000232414
          14     1.99696     1.99895 0.000261483
          15     1.99647     1.99878 0.000291727
          16     1.99594      1.9986 0.000323121
          17     1.99537     1.99841 0.000355646
          18     1.99477     1.99821 0.000389286
          19     1.99413       1.998 0.000424028
          20     1.99345     1.99777 0.000459863
          21     1.99272     1.99753 0.000496786
          22     1.99196     1.99728  0.00053479
          23     1.99116     1.99701 0.000573876
          24     1.99031     1.99673 0.000614041
          25     1.98943     1.99644 0.000655289
          26      1.9885     1.99613 0.000697616
          27     1.98753     1.99581 0.000741017
          28     1.98651     1.99548 0.000785498
          29     1.98545     1.99514 0.000831071
          30     1.98435     1.99478 0.000877748
          31      1.9832      1.9944  0.00092554
          32       1.982     1.99402  0.00097445
          33     1.98075     1.99361  0.00102448
          34     1.97946      1.9932  0.00107566
          35     1.97811     1.99277  0.00112798
          36     1.97672     1.99232  0.00118146
          37     1.97527     1.99186  0.00123613
          38     1.97377     1.99138  0.00129199
          39     1.97222     1.99089  0.00134908
          40     1.97061     1.99039  0.00140741
          41     1.96895     1.98986    0.001467
          42     1.96723     1.98932  0.00152788
          43     1.96545     1.98877  0.00159006
          44     1.96361      1.9882  0.00165357
          45      1.9617     1.98761  0.00171843
          46     1.95974       1.987  0.00178467
          47     1.95771     1.98638   0.0018523
          48     1.95562     1.98574  0.00192135
          49     1.95346     1.98508  0.00199185
          50     1.95124      1.9844  0.00206382
          51     1.94894     1.98371  0.00213729
          52     1.94657     1.98299  0.00221229
          53     1.94413     1.98226  0.00228884
          54     1.94162     1.98151  0.00236697
          55     1.93903     1.98073  0.00244671
          56     1.93636     1.97994  0.00252809
          57     1.93361     1.97913  0.00261114
          58     1.93078      1.9783  0.00269589
          59     1.92787     1.97744  0.00278235
          60     1.92488     1.97657  0.00287057
          61      1.9218     1.97567  0.00296056
          62     1.91864     1.97475  0.00305236
          63     1.91538     1.97381  0.00314601
          64     1.91203     1.97284  0.00324152
          65     1.90859     1.97185  0.00333895
          66     1.90506     1.97084   0.0034383
          67     1.90143      1.9698  0.00353963
          68     1.89769     1.96874  0.00364296
          69     1.89386     1.96766  0.00374832
          70     1.88993     1.96655  0.00385575
          71     1.88589     1.96541  0.00396529
          72     1.88174     1.96425  0.00407694
          73     1.87749     1.96306  0.00419076
          74     1.87312     1.96185  0.00430676
          75     1.86865      1.9606  0.00442497
          76     1.86406     1.95933  0.00454542
          77     1.85936     1.95803  0.00466814
          78     1.85454     1.95671  0.00479315
          79     1.84961     1.95535  0.00492047
          80     1.84455     1.95397  0.00505013
          81     1.83937     1.95255  0.00518216
          82     1.83408     1.95111  0.00531656
          83     1.82865     1.94963  0.00545337
          84      1.8231     1.94813  0.00559261
          85     1.81743     1.94659  0.00573428
          86     1.81163     1.94502  0.00587841
          87      1.8057     1.94342    0.006025
          88     1.79965     1.94178  0.00617407
          89     1.79346     1.94012  0.00632562
          90     1.78714     1.93842  0.00647967
          91      1.7807     1.93668  0.00663622
          92     1.77412     1.93492  0.00679527
          93     1.76741     1.93312  0.00695682
          94     1.76057     1.93128  0.00712086
          95      1.7536     1.92941  0.00728739
          96      1.7465      1.9275   0.0074564
          97     1.73927     1.92556  0.00762787
          98     1.73191     1.92359  0.00780178
          99     1.72443     1.92158  0.00797812
         100     1.71682     1.91953  0.00815686
         101     1.70909     1.91745  0.00833797
         102     1.70123     1.91533  0.00852142
         103     1.69325     1.91317  0.00870718
         104     1.68515     1.91098  0.00889521
         105     1.67694     1.90875  0.00908545
         106     1.66861     1.90648  0.00927788
         107     1.66018     1.90418  0.00947243
         108     1.65163     1.90184  0.00966905
         109     1.64298     1.89947  0.00986768
         110     1.63423     1.89706   0.0100683
         111     1.62539     1.89461   0.0102707
         112     1.61645     1.89213    0.010475
         113     1.60742     1.88961    0.010681
         114     1.59831     1.88705   0.0108887
         115     1.58912     1.88446   0.0110979
         116     1.57985     1.88183   0.0113086
         117     1.57051     1.87917   0.0115208
         118     1.56111     1.87648   0.0117342
         119     1.55165     1.87375   0.0119489
         120     1.54213     1.87098   0.0121647
         121     1.53256     1.86819   0.0123815
         122     1.52295     1.86536   0.0125992
         123      1.5133      1.8625   0.0128178
         124     1.50362      1.8596   0.0130371
         125     1.49391     1.85668    0.013257
         126     1.48417     1.85372   0.0134774
         127     1.47442     1.85073   0.0136982
         128     1.46467     1.84772   0.0139192
         129      1.4549     1.84467   0.0141405
         130     1.44514      1.8416   0.0143618
         131     1.43538      1.8385   0.0145831
         132     1.42564     1.83537   0.0148042
         133     1.41591     1.83222   0.0150251
         134     1.40621     1.82904   0.0152456
         135     1.39653     1.82583   0.0154656
         136     1.38689     1.82261   0.0156851
         137     1.37728     1.81935   0.0159039
         138     1.36772     1.81608   0.0161218
         139     1.35821     1.81279   0.0163389
         140     1.34875     1.80947    0.016555
         141     1.33935     1.80614     0.01677
         142     1.33001     1.80279   0.0169838
         143     1.32075     1.79942   0.0171963
         144     1.31155     1.79603   0.0174074
         145     1.30243     1.79262    0.017617
         146      1.2934      1.7892   0.0178251
         147     1.28445     1.78577   0.0180316
         148     1.27559     1.78232   0.0182363
         149     1.26682     1.77886   0.0184391
         150     1.25816     1.77539   0.0186401
         151      1.2496     1.77191   0.0188391
         152     1.24115     1.76842    0.019036
         153     1.23281     1.76492   0.0192308
         154     1.22459     1.76141   0.0194233
         155     1.21649     1.75789   0.0196136
         156     1.20851     1.75437   0.0198015
         157     1.20066     1.75084    0.019987
         158     1.19295     1.74731     0.02017
         159     1.18537     1.74378   0.0203504
         160     1.17793     1.74024   0.0205282
         161     1.17064      1.7367   0.0207034
         162     1.16349     1.73317   0.0208757
         163      1.1565     1.72963   0.0210453
         164     1.14967     1.72609    0.021212
         165     1.14299     1.72256   0.0213758
         166     1.13648     1.71903   0.0215366
         167     1.13014      1.7155   0.0216944
         168     1.12396     1.71198   0.0218492
         169     1.11796     1.70847   0.0220008
         170     1.11214     1.70496   0.0221493
         171      1.1065     1.70146   0.0222945
         172     1.10104     1.69797   0.0224365
         173     1.09577     1.69449   0.0225752
         174     1.09068     1.69102   0.0227106
         175     1.08579     1.68756   0.0228427
         176     1.08109     1.68411   0.0229713
         177     1.07659     1.68068   0.0230965
         178     1.07229     1.67726   0.0232183
         179     1.06818     1.67386   0.0233366
         180     1.06427     1.67047   0.0234514
         181     1.06057      1.6671   0.0235627
         182     1.05707     1.66375   0.0236704
         183     1.05377     1.66042   0.0237746
         184     1.05068      1.6571   0.0238752
         185     1.04779     1.65381   0.0239722
         186      1.0451     1.65054   0.0240657
         187     1.04261     1.64729   0.0241556
         188     1.04033     1.64406   0.0242419
         189     1.03824     1.64085   0.0243246
         190     1.03634     1.63767   0.0244038
         191     1.03464     1.63451   0.0244794
         192     1.03313     1.63138   0.0245515
         193     1.03181     1.62828     0.02462
         194     1.03067     1.62519   0.0246851
         195     1.02971     1.62214   0.0247466
         196     1.02893     1.61911   0.0248048
         197     1.02831     1.61612   0.0248595
         198     1.02786     1.61314   0.0249108
         199     1.02757      1.6102   0.0249589
         200     1.02743     1.60729   0.0250036
         201     1.02744      1.6044    0.025045
         202      1.0276     1.60155   0.0250833
         203     1.02788     1.59872   0.0251184
         204      1.0283     1.59593   0.0251505
         205     1.02883     1.59316   0.0251794
         206     1.02948     1.59042   0.0252055
         207     1.03024     1.58772   0.0252286
         208      1.0311     1.58504   0.0252488
         209     1.03205     1.58239   0.0252662
         210     1.03308     1.57978    0.025281
         211      1.0342     1.57719    0.025293
         212     1.03539     1.57464   0.0253025
         213     1.03664     1.57211   0.0253095
         214     1.03795     1.56962    0.025314
         215     1.03931     1.56715   0.0253161
         216     1.04072     1.56471    0.025316
         217     1.04217      1.5623   0.0253136
         218     1.04364     1.55992    0.025309
         219     1.04515     1.55757   0.0253024
         220     1.04667     1.55525   0.0252937
         221     1.04821     1.55296   0.0252831
         222     1.04975     1.55069   0.0252706
         223      1.0513     1.54845   0.0252563
         224     1.05286     1.54624   0.0252403
         225     1.05441     1.54405   0.0252226
         226     1.05594     1.54189   0.0252033
         227     1.05747     1.53976   0.0251824
         228     1.05898     1.53765   0.0251601
         229     1.06048     1.53557   0.0251364
         230     1.06195     1.53351   0.0251113
         231     1.06339     1.53147   0.0250849
         232     1.06481     1.52946   0.0250573
         233      1.0662     1.52747   0.0250285
         234     1.06757     1.52551   0.0249986
         235     1.06889     1.52356   0.0249676
         236     1.07019     1.52164   0.0249356
         237     1.07145     1.51974   0.0249027
         238     1.07268     1.51787   0.0248688
         239     1.07387     1.51601    0.024834
         240     1.07502     1.51417   0.0247984
         241     1.07614     1.51235   0.0247621
         242     1.07723     1.51055   0.0247249
         243     1.07827     1.50878   0.0246871
         244     1.07928     1.50702   0.0246486
         245     1.08026     1.50527   0.0246095
         246      1.0812     1.50355   0.0245697
         247      1.0821     1.50184   0.0245294
         248     1.08297     1.50015   0.0244886
         249     1.08381     1.49848   0.0244473
         250     1.08462     1.49683   0.0244055
         251      1.0854     1.49519   0.0243632
         252     1.08615     1.49356   0.0243205
         253     1.08688     1.49196   0.0242775
         254     1.08757     1.49037    0.024234
         255     1.08825     1.48879   0.0241903
         256     1.08889     1.48723   0.0241461
         257     1.08952     1.48568   0.0241017
         258     1.09012     1.48415    0.024057
         259     1.09071     1.48263   0.0240121
         260     1.09128     1.48112   0.0239668
         261     1.09183     1.47963   0.0239214
         262     1.09236     1.47815   0.0238757
         263     1.09288     1.47669   0.0238298
         264     1.09339     1.47523   0.0237837
         265     1.09389      1.4738   0.0237375
         266     1.09437     1.47237   0.0236911
         267     1.09485     1.47096   0.0236445
         268     1.09532     1.46955   0.0235978
         269     1.09578     1.46816   0.0235509
         270     1.09623     1.46679   0.0235039
         271     1.09668     1.46542   0.0234568
         272     1.09712     1.46407   0.0234097
         273     1.09756     1.46272   0.0233624
         274     1.09799     1.46139    0.023315
         275     1.09842     1.46007   0.0232676
         276     1.09884     1.45876     0.02322
         277     1.09926     1.45747   0.0231724
         278     1.09968     1.45618   0.0231248
         279     1.10009      1.4549   0.0230771
         280      1.1005     1.45364   0.0230294
         281     1.10091     1.45238   0.0229816
         282     1.10131     1.45114   0.0229338
         283     1.10171      1.4499    0.022886
         284     1.10211     1.44868   0.0228381
         285      1.1025     1.44746   0.0227903
         286     1.10289     1.44626   0.0227424
         287     1.10327     1.44506   0.0226946
         288     1.10365     1.44388   0.0226467
         289     1.10402      1.4427   0.0225988
         290     1.10439     1.44154    0.022551
         291     1.10475     1.44038   0.0225032
         292      1.1051     1.43923   0.0224554
         293     1.10545     1.43809   0.0224076
         294     1.10579     1.43696   0.0223599
         295     1.10613     1.43584   0.0223122
         296     1.10645     1.43473   0.0222646
         297     1.10677     1.43362    0.022217
         298     1.10708     1.43253   0.0221694
         299     1.10738     1.43144   0.0221219
         300     1.10768     1.43036   0.0220745
         301     1.10796     1.42929   0.0220271
         302     1.10824     1.42823   0.0219798
         303     1.10851     1.42717   0.0219326
         304     1.10877     1.42612   0.0218855
         305     1.10903     1.42508   0.0218384
         306     1.10927     1.42405   0.0217914
         307     1.10951     1.42303   0.0217445
         308     1.10975     1.42201   0.0216977
         309     1.10998       1.421   0.0216509
         310      1.1102        1.42   0.0216043
         311     1.11042       1.419   0.0215577
         312     1.11064     1.41801   0.0215113
         313     1.11086     1.41703   0.0214649
         314     1.11107     1.41606   0.0214187
         315     1.11129     1.41509   0.0213725
         316      1.1115     1.41413   0.0213265
         317     1.11172     1.41318   0.0212805
         318     1.11194     1.41223   0.0212347
         319     1.11217     1.41129   0.0211889
         320      1.1124     1.41035   0.0211433
         321     1.11264     1.40943   0.0210978
         322     1.11288     1.40851   0.0210523
         323     1.11314     1.40759    0.021007
         324      1.1134     1.40668   0.0209618
         325     1.11368     1.40578   0.0209167
         326     1.11396     1.40489   0.0208716
         327     1.11426       1.404   0.0208267
         328     1.11457     1.40311   0.0207819
         329     1.11489     1.40224   0.0207372
         330     1.11523     1.40137   0.0206926
         331     1.11558     1.40051   0.0206481
         332     1.11594     1.39965   0.0206037
         333     1.11631      1.3988   0.0205594
         334      1.1167     1.39795   0.0205152
         335      1.1171     1.39711    0.020471
         336     1.11751     1.39628    0.020427
         337     1.11793     1.39546   0.0203831
         338     1.11836     1.39464   0.0203393
         339      1.1188     1.39382   0.0202955
         340     1.11924     1.39302   0.0202519
         341     1.11969     1.39221   0.0202084
         342     1.12015     1.39142   0.0201649
         343      1.1206     1.39063   0.0201216
         344     1.12106     1.38985   0.0200784
         345     1.12151     1.38907   0.0200352
         346     1.12196      1.3883   0.0199922
         347      1.1224     1.38753   0.0199492
         348     1.12284     1.38677   0.0199064
         349     1.12326     1.38601   0.0198637
         350     1.12367     1.38526   0.0198211
         351     1.12407     1.38452   0.0197786
         352     1.12445     1.38378   0.0197362
         353     1.12481     1.38305   0.0196939
         354     1.12515     1.38232   0.0196517
         355     1.12547      1.3816   0.0196097
         356     1.12576     1.38088   0.0195678
         357     1.12602     1.38016    0.019526
         358     1.12626     1.37945   0.0194843
         359     1.12646     1.37875   0.0194428
         360     1.12663     1.37805   0.0194014
         361     1.12677     1.37735   0.0193601
         362     1.12687     1.37666    0.019319
         363     1.12694     1.37597    0.019278
         364     1.12697     1.37529   0.0192372
         365     1.12696     1.37461   0.0191965
         366     1.12692     1.37393    0.019156
         367     1.12684     1.37326   0.0191156
         368     1.12672     1.37259   0.0190754
         369     1.12656     1.37192   0.0190354
         370     1.12637     1.37126   0.0189955
         371     1.12613      1.3706   0.0189558
         372     1.12586     1.36994   0.0189162
         373     1.12555     1.36928   0.0188769
         374     1.12521     1.36863   0.0188377
         375     1.12483     1.36798   0.0187986
         376     1.12442     1.36733   0.0187598
         377     1.12398     1.36669   0.0187212
         378      1.1235     1.36604   0.0186827
         379       1.123      1.3654   0.0186444
         380     1.12247     1.36476   0.0186063
         381     1.12191     1.36413   0.0185684
         382     1.12132     1.36349   0.0185306
         383     1.12072     1.36286   0.0184931
         384     1.12009     1.36222   0.0184557
         385     1.11944     1.36159   0.0184186
         386     1.11878     1.36097   0.0183816
         387      1.1181     1.36034   0.0183448
         388      1.1174     1.35971   0.0183082
         389      1.1167     1.35909   0.0182718
         390     1.11599     1.35846   0.0182356
         391     1.11527     1.35784   0.0181995
         392     1.11454     1.35722   0.0181637
         393     1.11381      1.3566    0.018128
         394     1.11308     1.35598   0.0180925
         395     1.11235     1.35537   0.0180573
         396     1.11162     1.35475   0.0180221
         397      1.1109     1.35414   0.0179872
         398     1.11018     1.35352   0.0179525
         399     1.10947     1.35291   0.0179179
         400     1.10877      1.3523   0.0178835
         401     1.10808     1.35169   0.0178492
         402      1.1074     1.35109   0.0178152
         403     1.10674     1.35048   0.0177813
         404     1.10609     1.34987   0.0177476
         405     1.10545     1.34927    0.017714
         406     1.10484     1.34867   0.0176806
         407     1.10424     1.34807   0.0176474
         408     1.10366     1.34747   0.0176143
         409     1.10311     1.34687   0.0175813
         410     1.10258     1.34628   0.0175485
         411     1.10207     1.34568   0.0175159
         412     1.10158     1.34509   0.0174834
         413     1.10112      1.3445   0.0174511
         414     1.10069     1.34391   0.0174188
         415     1.10028     1.34332   0.0173867
         416     1.09991     1.34274   0.0173548
         417     1.09956     1.34215    0.017323
         418     1.09924     1.34157   0.0172913
         419     1.09895     1.34099   0.0172597
         420     1.09869     1.34042   0.0172282
         421     1.09847     1.33984   0.0171969
         422     1.09827     1.33927   0.0171657
         423     1.09811      1.3387   0.0171346
         424     1.09799     1.33813   0.0171036
         425      1.0979     1.33757   0.0170726
         426     1.09785       1.337   0.0170418
         427     1.09783     1.33644   0.0170111
         428     1.09785     1.33589   0.0169805
         429     1.09791     1.33533     0.01695
         430     1.09801     1.33478   0.0169196
         431     1.09816     1.33423   0.0168892
         432     1.09834     1.33368   0.0168589
         433     1.09857     1.33314   0.0168287
         434     1.09884      1.3326   0.0167986
         435     1.09916     1.33207   0.0167686
         436     1.09952     1.33153   0.0167386
         437     1.09993       1.331   0.0167087
         438     1.10039     1.33048   0.0166788
         439     1.10089     1.32995    0.016649
         440     1.10145     1.32943   0.0166193
         441     1.10206     1.32892   0.0165896
         442     1.10272     1.32841     0.01656
         443     1.10343      1.3279   0.0165304
         444      1.1042     1.32739   0.0165008
         445     1.10501     1.32689   0.0164713
         446     1.10588      1.3264   0.0164418
         447     1.10681     1.32591   0.0164124
         448     1.10778     1.32542    0.016383
         449     1.10881     1.32494   0.0163536
         450      1.1099     1.32446   0.0163242
         451     1.11104     1.32399   0.0162949
         452     1.11223     1.32352   0.0162656
         453     1.11347     1.32305   0.0162363
         454     1.11476      1.3226    0.016207
         455      1.1161     1.32214   0.0161777
         456     1.11749     1.32169   0.0161485
         457     1.11893     1.32125   0.0161192
         458     1.12041     1.32081     0.01609
         459     1.12193     1.32038   0.0160608
         460      1.1235     1.31995   0.0160315
         461      1.1251     1.31953   0.0160023
         462     1.12674     1.31911   0.0159731
         463     1.12841      1.3187    0.015944
         464     1.13012     1.31829   0.0159148
         465     1.13185     1.31789   0.0158856
         466     1.13361      1.3175   0.0158564
         467     1.13539     1.31711   0.0158273
         468     1.13719     1.31672   0.0157981
         469       1.139     1.31634    0.015769
         470     1.14083     1.31597   0.0157399
         471     1.14266      1.3156   0.0157107
         472      1.1445     1.31524   0.0156816
         473     1.14634     1.31488   0.0156525
         474     1.14818     1.31453   0.0156235
         475     1.15002     1.31418   0.0155944
         476     1.15185     1.31384   0.0155654
         477     1.15366     1.31351   0.0155364
         478     1.15547     1.31318   0.0155074
         479     1.15725     1.31285   0.0154784
         480     1.15902     1.31253   0.0154495
         481     1.16076     1.31221   0.0154206
         482     1.16248      1.3119   0.0153917
         483     1.16417      1.3116   0.0153629
         484     1.16584      1.3113   0.0153341
         485     1.16747       1.311   0.0153054
         486     1.16906     1.31071   0.0152767
         487     1.17062     1.31042    0.015248
         488     1.17214     1.31014   0.0152194
         489     1.17362     1.30986   0.0151908
         490     1.17506     1.30958   0.0151623
         491     1.17646     1.30931   0.0151339
         492     1.17781     1.30904   0.0151055
         493     1.17912     1.30878   0.0150771
         494     1.18039     1.30852   0.0150488
         495     1.18161     1.30826   0.0150206
         496     1.18278     1.30801   0.0149925
         497     1.18391     1.30776   0.0149644
         498     1.18499     1.30751   0.0149364
         499     1.18602     1.30727   0.0149084
         500     1.18701     1.30703   0.0148805
         501     1.18795     1.30679   0.0148527
         502     1.18884     1.30656    0.014825
         503     1.18969     1.30633   0.0147974
         504     1.19049      1.3061   0.0147698
         505     1.19125     1.30587   0.0147423
         506     1.19197     1.30564   0.0147149
         507     1.19264     1.30542   0.0146875
         508     1.19327      1.3052   0.0146603
         509     1.19386     1.30498   0.0146331
         510     1.19441     1.30476    0.014606
         511     1.19492     1.30455    0.014579
         512     1.19539     1.30434   0.0145521
         513     1.19582     1.30412   0.0145253
         514     1.19622     1.30391   0.0144985
         515     1.19658     1.30371   0.0144719
         516      1.1969      1.3035   0.0144453
         517      1.1972     1.30329   0.0144188
         518     1.19746     1.30309   0.0143924
         519     1.19769     1.30289   0.0143661
         520      1.1979     1.30268   0.0143399
         521     1.19807     1.30248   0.0143138
         522     1.19822     1.30228   0.0142878
         523     1.19834     1.30209   0.0142619
         524     1.19843     1.30189    0.014236
         525      1.1985     1.30169   0.0142103
         526     1.19855     1.30149   0.0141846
         527     1.19858      1.3013    0.014159
         528     1.19858      1.3011   0.0141335
         529     1.19857     1.30091   0.0141082
         530     1.19854     1.30072   0.0140829
         531     1.19849     1.30053   0.0140576
         532     1.19842     1.30033   0.0140325
         533     1.19833     1.30014   0.0140075
         534     1.19823     1.29995   0.0139826
         535     1.19812     1.29976   0.0139577
         536     1.19799     1.29957    0.013933
         537     1.19785     1.29938   0.0139083
         538      1.1977     1.29919   0.0138838
         539     1.19753       1.299   0.0138593
         540     1.19735     1.29882   0.0138349
         541     1.19717     1.29863   0.0138106
         542     1.19697     1.29844   0.0137864
         543     1.19676     1.29825   0.0137623
         544     1.19655     1.29807   0.0137382
         545     1.19632     1.29788   0.0137143
         546     1.19609     1.29769   0.0136905
         547     1.19584     1.29751   0.0136667
         548     1.19559     1.29732    0.013643
         549     1.19534     1.29713   0.0136194
         550     1.19507     1.29695   0.0135959
         551      1.1948     1.29676   0.0135725
         552     1.19453     1.29658   0.0135492
         553     1.19424     1.29639    0.013526
         554     1.19395     1.29621   0.0135028
         555     1.19365     1.29602   0.0134797
         556     1.19335     1.29584   0.0134568
         557     1.19303     1.29565   0.0134339
         558     1.19271     1.29547   0.0134111
         559     1.19239     1.29529   0.0133883
         560     1.19205      1.2951   0.0133657
         561     1.19171     1.29492   0.0133432
         562     1.19136     1.29473   0.0133207
         563     1.19101     1.29455   0.0132983
         564     1.19064     1.29436    0.013276
         565     1.19027     1.29418   0.0132538
         566     1.18989       1.294   0.0132316
         567      1.1895     1.29381   0.0132096
         568      1.1891     1.29363   0.0131876
         569     1.18868     1.29344   0.0131657
         570     1.18826     1.29326   0.0131439
         571     1.18783     1.29307   0.0131222
         572     1.18739     1.29289   0.0131006
         573     1.18693      1.2927    0.013079
         574     1.18647     1.29252   0.0130575
         575     1.18599     1.29233   0.0130361
         576      1.1855     1.29215   0.0130148
         577     1.18499     1.29196   0.0129936
         578     1.18447     1.29178   0.0129724
         579     1.18393     1.29159   0.0129514
         580     1.18338      1.2914   0.0129304
         581     1.18282     1.29122   0.0129095
         582     1.18223     1.29103   0.0128887
         583     1.18163     1.29084   0.0128679
         584     1.18102     1.29065   0.0128473
         585     1.18039     1.29047   0.0128267
         586     1.17974     1.29028   0.0128062
         587     1.17907     1.29009   0.0127858
         588     1.17838      1.2899   0.0127654
         589     1.17767     1.28971   0.0127452
         590     1.17695     1.28952    0.012725
         591      1.1762     1.28932   0.0127049
         592     1.17544     1.28913   0.0126849
         593     1.17466     1.28894    0.012665
         594     1.17385     1.28874   0.0126452
         595     1.17303     1.28855   0.0126254
         596     1.17219     1.28835   0.0126057
         597     1.17132     1.28816   0.0125861
         598     1.17044     1.28796   0.0125666
         599     1.16954     1.28776   0.0125472
         600     1.16862     1.28757   0.0125279
         601     1.16768     1.28737   0.0125086
         602     1.16672     1.28717   0.0124894
         603     1.16574     1.28696   0.0124703
         604     1.16475     1.28676   0.0124513
         605     1.16373     1.28656   0.0124324
         606     1.16271     1.28635   0.0124136
         607     1.16166     1.28615   0.0123948
         608      1.1606     1.28594   0.0123762
         609     1.15953     1.28573   0.0123576
         610     1.15844     1.28553   0.0123391
         611     1.15733     1.28532   0.0123207
         612     1.15622     1.28511   0.0123024
         613     1.15509     1.28489   0.0122841
         614     1.15396     1.28468    0.012266
         615     1.15281     1.28447   0.0122479
         616     1.15165     1.28425   0.0122299
         617     1.15048     1.28403    0.012212
         618     1.14931     1.28381   0.0121942
         619     1.14813      1.2836   0.0121765
         620     1.14694     1.28338   0.0121588
         621     1.14575     1.28315   0.0121412
         622     1.14456     1.28293   0.0121238
         623     1.14335     1.28271   0.0121064
         624     1.14215     1.28248   0.0120891
         625     1.14095     1.28226   0.0120719
         626     1.13974     1.28203   0.0120547
         627     1.13853      1.2818   0.0120377
         628     1.13732     1.28157   0.0120207
         629     1.13611     1.28134   0.0120038
         630     1.13489      1.2811    0.011987
         631     1.13368     1.28087   0.0119703
         632     1.13247     1.28064   0.0119536
         633     1.13126      1.2804   0.0119371
         634     1.13005     1.28016   0.0119206
         635     1.12884     1.27992   0.0119042
         636     1.12763     1.27969   0.0118879
         637     1.12641     1.27944   0.0118717
         638      1.1252      1.2792   0.0118555
         639     1.12399     1.27896   0.0118395
         640     1.12278     1.27872   0.0118235
         641     1.12157     1.27847   0.0118076
         642     1.12036     1.27822   0.0117918
         643     1.11915     1.27798    0.011776
         644     1.11794     1.27773   0.0117604
         645     1.11672     1.27748   0.0117448
         646      1.1155     1.27723   0.0117293
         647     1.11428     1.27698   0.0117138
         648     1.11306     1.27672   0.0116985
         649     1.11184     1.27647   0.0116832
         650     1.11061     1.27621    0.011668
         651     1.10938     1.27596   0.0116529
         652     1.10815      1.2757   0.0116379
         653     1.10691     1.27544    0.011623
         654     1.10567     1.27518   0.0116081
         655     1.10443     1.27492   0.0115933
         656     1.10318     1.27466   0.0115786
         657     1.10193      1.2744   0.0115639
         658     1.10068     1.27413   0.0115494
         659     1.09943     1.27387   0.0115349
         660     1.09817      1.2736   0.0115205
         661     1.09691     1.27333   0.0115061
         662     1.09565     1.27307   0.0114919
         663     1.09439      1.2728   0.0114777
         664     1.09313     1.27253   0.0114636
         665     1.09187     1.27225   0.0114496
         666     1.09061     1.27198   0.0114357
         667     1.08935     1.27171   0.0114218
         668      1.0881     1.27143    0.011408
         669     1.08685     1.27116   0.0113943
         670     1.08561     1.27088   0.0113806
         671     1.08438      1.2706   0.0113671
         672     1.08315     1.27032   0.0113536
         673     1.08194     1.27004   0.0113402
         674     1.08074     1.26976   0.0113268
         675     1.07956     1.26948   0.0113135
         676     1.07839      1.2692   0.0113003
         677     1.07724     1.26891   0.0112872
         678     1.07611     1.26863   0.0112741
         679       1.075     1.26835   0.0112611
         680     1.07391     1.26806   0.0112482
         681     1.07285     1.26777   0.0112353
         682     1.07181     1.26749   0.0112225
         683     1.07081      1.2672   0.0112098
         684     1.06983     1.26691   0.0111971
         685     1.06888     1.26662   0.0111845
         686     1.06797     1.26633    0.011172
         687      1.0671     1.26604   0.0111595
         688     1.06626     1.26575    0.011147
         689     1.06546     1.26546   0.0111346
         690      1.0647     1.26517   0.0111223
         691     1.06398     1.26488     0.01111
         692      1.0633     1.26459   0.0110978
         693     1.06267     1.26429   0.0110856
         694     1.06209       1.264   0.0110734
         695     1.06155     1.26371   0.0110613
         696     1.06106     1.26342   0.0110493
         697     1.06061     1.26313   0.0110373
         698     1.06022     1.26284   0.0110253
         699     1.05988     1.26255   0.0110133
         700     1.05959     1.26226   0.0110014
         701     1.05934     1.26197   0.0109895
         702     1.05915     1.26168   0.0109777
         703     1.05901     1.26139   0.0109658
         704     1.05893      1.2611    0.010954
         705     1.05889     1.26082   0.0109422
         706     1.05891     1.26053   0.0109305
         707     1.05898     1.26025   0.0109187
         708      1.0591     1.25996    0.010907
         709     1.05927     1.25968   0.0108953
         710      1.0595      1.2594   0.0108836
         711     1.05977     1.25912   0.0108719
         712      1.0601     1.25884   0.0108602
         713     1.06048     1.25856   0.0108486
         714      1.0609     1.25828   0.0108369
         715     1.06137     1.25801   0.0108252
         716     1.06189     1.25773   0.0108136
         717     1.06246     1.25746   0.0108019
         718     1.06307     1.25719   0.0107903
         719     1.06372     1.25692   0.0107786
         720     1.06442     1.25665    0.010767
         721     1.06516     1.25639   0.0107553
         722     1.06594     1.25612   0.0107437
         723     1.06676     1.25586    0.010732
         724     1.06761      1.2556   0.0107203
         725      1.0685     1.25534   0.0107086
         726     1.06943     1.25509   0.0106969
         727     1.07039     1.25483   0.0106852
         728     1.07138     1.25458   0.0106735
         729      1.0724     1.25433   0.0106618
         730     1.07345     1.25408   0.0106501
         731     1.07452     1.25384   0.0106384
         732     1.07562     1.25359   0.0106266
         733     1.07674     1.25335   0.0106149
         734     1.07788     1.25311   0.0106031
         735     1.07904     1.25288   0.0105913
         736     1.08022     1.25264   0.0105795
         737     1.08142     1.25241   0.0105677
         738     1.08263     1.25218   0.0105559
         739     1.08385     1.25195   0.0105441
         740     1.08508     1.25173   0.0105322
         741     1.08632      1.2515   0.0105204
         742     1.08757     1.25128   0.0105085
         743     1.08882     1.25106   0.0104966
         744     1.09008     1.25085   0.0104848
         745     1.09134     1.25063   0.0104729
         746      1.0926     1.25042    0.010461
         747     1.09386     1.25021   0.0104491
         748     1.09512     1.25001   0.0104372
         749     1.09637      1.2498   0.0104252
         750     1.09762      1.2496   0.0104133
         751     1.09886      1.2494   0.0104014
         752      1.1001      1.2492   0.0103895
         753     1.10133       1.249   0.0103775
         754     1.10255     1.24881   0.0103656
         755     1.10376     1.24862   0.0103536
         756     1.10495     1.24843   0.0103417
         757     1.10614     1.24824   0.0103297
         758     1.10731     1.24805   0.0103178
         759     1.10846     1.24787   0.0103058
         760      1.1096     1.24769   0.0102938
         761     1.11072     1.24751   0.0102819
         762     1.11183     1.24733   0.0102699
         763     1.11292     1.24715    0.010258
         764     1.11399     1.24698    0.010246
         765     1.11504      1.2468   0.0102341
         766     1.11607     1.24663   0.0102222
         767     1.11707     1.24646   0.0102102
         768     1.11806      1.2463   0.0101983
         769     1.11903     1.24613   0.0101864
         770     1.11997     1.24597   0.0101745
         771     1.12089     1.24581   0.0101626
         772     1.12178     1.24565   0.0101507
         773     1.12266     1.24549   0.0101388
         774      1.1235     1.24533   0.0101269
         775     1.12432     1.24517   0.0101151
         776     1.12512     1.24502   0.0101032
         777     1.12588     1.24486   0.0100914
         778     1.12662     1.24471   0.0100795
         779     1.12733     1.24456   0.0100677
         780     1.12802     1.24441   0.0100559
         781     1.12867     1.24426   0.0100441
         782     1.12929     1.24412   0.0100324
         783     1.12988     1.24397   0.0100206
         784     1.13044     1.24383   0.0100089
         785     1.13096     1.24368  0.00999718
         786     1.13145     1.24354  0.00998548
         787     1.13191      1.2434   0.0099738
         788     1.13233     1.24326  0.00996213
         789     1.13271     1.24312  0.00995049
         790     1.13306     1.24298  0.00993887
         791     1.13337     1.24284  0.00992727
         792     1.13364      1.2427   0.0099157
         793     1.13387     1.24256  0.00990414
         794     1.13406     1.24243  0.00989261
         795      1.1342     1.24229   0.0098811
         796     1.13431     1.24216  0.00986962
         797     1.13437     1.24202  0.00985817
         798     1.13439     1.24189  0.00984673
         799     1.13436     1.24175  0.00983533
         800     1.13429     1.24162  0.00982395
         801     1.13418     1.24148   0.0098126
         802     1.13401     1.24135  0.00980128
         803     1.13381     1.24121  0.00978999
         804     1.13355     1.24108  0.00977873
         805     1.13325     1.24095   0.0097675
         806      1.1329     1.24081   0.0097563
         807     1.13251     1.24068  0.00974514
         808     1.13207     1.24054    0.009734
         809     1.13159     1.24041   0.0097229
         810     1.13107     1.24027  0.00971184
         811      1.1305     1.24014   0.0097008
         812     1.12989        1.24  0.00968981
         813     1.12924     1.23987  0.00967885
         814     1.12855     1.23973  0.00966792
         815     1.12782     1.23959  0.00965703
         816     1.12706     1.23945  0.00964618
         817     1.12626     1.23932  0.00963537
         818     1.12544     1.23918   0.0096246
         819     1.12458     1.23904  0.00961386
         820     1.12371      1.2389  0.00960317
         821      1.1228     1.23876  0.00959251
         822     1.12188     1.23861   0.0095819
         823     1.12094     1.23847  0.00957132
         824     1.11999     1.23833  0.00956079
         825     1.11903     1.23818  0.00955029
         826     1.11806     1.23804  0.00953983
         827     1.11709     1.23789  0.00952942
         828     1.11612     1.23774  0.00951905
         829     1.11516      1.2376  0.00950871
         830      1.1142     1.23745  0.00949842
         831     1.11325      1.2373  0.00948816
         832     1.11232     1.23715  0.00947795
         833     1.11141       1.237  0.00946777
         834     1.11052     1.23684  0.00945763
         835     1.10965     1.23669  0.00944753
         836     1.10881     1.23654  0.00943747
         837       1.108     1.23639  0.00942745
         838     1.10723     1.23623  0.00941746
         839     1.10648     1.23608   0.0094075
         840     1.10578     1.23592  0.00939758
         841     1.10511     1.23577  0.00938769
         842     1.10448     1.23561  0.00937784
         843     1.10389     1.23545  0.00936802
         844     1.10334      1.2353  0.00935822
         845     1.10283     1.23514  0.00934846
         846     1.10237     1.23498  0.00933873
         847     1.10194     1.23483  0.00932902
         848     1.10155     1.23467  0.00931935
         849     1.10121     1.23451   0.0093097
         850      1.1009     1.23435  0.00930007
         851     1.10062      1.2342  0.00929047
         852     1.10038     1.23404  0.00928089
         853     1.10017     1.23388  0.00927134
         854     1.09999     1.23373  0.00926181
         855     1.09983     1.23357   0.0092523
         856      1.0997     1.23341  0.00924281
         857     1.09959     1.23326  0.00923335
         858      1.0995      1.2331   0.0092239
         859     1.09943     1.23295  0.00921448
         860     1.09936     1.23279  0.00920507
         861     1.09931     1.23264  0.00919568
         862     1.09926     1.23248  0.00918632
         863     1.09921     1.23233  0.00917697
         864     1.09916     1.23217  0.00916764
         865     1.09911     1.23202  0.00915834
         866     1.09905     1.23187  0.00914905
         867     1.09898     1.23171  0.00913978
         868      1.0989     1.23156  0.00913053
         869     1.09881     1.23141   0.0091213
         870      1.0987     1.23125  0.00911209
         871     1.09858      1.2311   0.0091029
         872     1.09843     1.23095  0.00909374
         873     1.09827      1.2308  0.00908459
         874     1.09808     1.23065  0.00907546
         875     1.09787     1.23049  0.00906636
         876     1.09764     1.23034  0.00905728
         877     1.09737     1.23019  0.00904822
         878     1.09709     1.23004  0.00903918
         879     1.09677     1.22989  0.00903017
         880     1.09643     1.22974  0.00902118
         881     1.09607     1.22958  0.00901222
         882     1.09568     1.22943  0.00900328
         883     1.09526     1.22928  0.00899437
         884     1.09482     1.22913  0.00898548
         885     1.09436     1.22898  0.00897662
         886     1.09387     1.22882  0.00896778
         887     1.09336     1.22867  0.00895897
         888     1.09282     1.22852  0.00895019
         889     1.09227     1.22836  0.00894143
         890      1.0917     1.22821   0.0089327
         891      1.0911     1.22806    0.008924
         892      1.0905      1.2279  0.00891533
         893     1.08988     1.22775  0.00890669
         894     1.08924     1.22759  0.00889807
         895     1.08859     1.22744  0.00888948
         896     1.08794     1.22728  0.00888093
         897     1.08727     1.22713   0.0088724
         898     1.08659     1.22697   0.0088639
         899     1.08591     1.22681  0.00885543
         900     1.08523     1.22666  0.00884698
         901     1.08454      1.2265  0.00883857
         902     1.08385     1.22634  0.00883019
         903     1.08317     1.22618  0.00882183
         904     1.08248     1.22602   0.0088135
         905     1.08179     1.22586  0.00880521
         906     1.08111      1.2257  0.00879694
         907     1.08043     1.22554   0.0087887
         908     1.07976     1.22538  0.00878048
         909     1.07909     1.22522   0.0087723
         910     1.07843     1.22506  0.00876414
         911     1.07778      1.2249  0.00875601
         912     1.07713     1.22474  0.00874791
         913      1.0765     1.22457  0.00873984
         914     1.07587     1.22441  0.00873179
         915     1.07525     1.22425  0.00872377
         916     1.07465     1.22408  0.00871577
         917     1.07405     1.22392   0.0087078
         918     1.07347     1.22376  0.00869986
         919     1.07289     1.22359  0.00869194
         920     1.07233     1.22343  0.00868405
         921     1.07178     1.22326  0.00867618
         922     1.07125      1.2231  0.00866834
         923     1.07072     1.22293  0.00866052
         924     1.07021     1.22277  0.00865272
         925     1.06971      1.2226  0.00864495
         926     1.06922     1.22244   0.0086372
         927     1.06875     1.22227  0.00862947
         928     1.06829     1.22211  0.00862177
         929     1.06785     1.22194  0.00861409
         930     1.06742     1.22177  0.00860643
         931     1.06701     1.22161  0.00859879
         932     1.06661     1.22144  0.00859117
         933     1.06622     1.22127  0.00858357
         934     1.06586     1.22111    0.008576
         935     1.06551     1.22094  0.00856844
         936     1.06518     1.22078   0.0085609
         937     1.06487     1.22061  0.00855338
         938     1.06458     1.22044  0.00854588
         939     1.06431     1.22028  0.00853839
         940     1.06406     1.22011  0.00853093
         941     1.06383     1.21994  0.00852348
         942     1.06363     1.21978  0.00851605
         943     1.06345     1.21961  0.00850863
         944     1.06329     1.21945  0.00850123
         945     1.06316     1.21928  0.00849384
         946     1.06306     1.21912  0.00848647
         947     1.06298     1.21895  0.00847911
         948     1.06293     1.21879  0.00847176
         949      1.0629     1.21862  0.00846442
         950     1.06291     1.21846   0.0084571
         951     1.06294      1.2183  0.00844979
         952     1.06299     1.21813  0.00844249
         953     1.06308     1.21797   0.0084352
         954     1.06319     1.21781  0.00842791
         955     1.06333     1.21765  0.00842064
         956     1.06349     1.21748  0.00841338
         957     1.06368     1.21732  0.00840612
         958      1.0639     1.21716  0.00839887
         959     1.06414       1.217  0.00839163
         960      1.0644     1.21684  0.00838439
         961     1.06468     1.21669  0.00837716
         962     1.06498     1.21653  0.00836994
         963     1.06529     1.21637  0.00836272
         964     1.06562     1.21622  0.00835551
         965     1.06597     1.21606   0.0083483
         966     1.06633      1.2159   0.0083411
         967      1.0667     1.21575   0.0083339
         968     1.06707      1.2156   0.0083267
         969     1.06745     1.21544  0.00831951
         970     1.06783     1.21529  0.00831233
         971     1.06821     1.21514  0.00830515
         972     1.06859     1.21499  0.00829797
         973     1.06897     1.21484   0.0082908
         974     1.06934     1.21469  0.00828363
         975      1.0697     1.21454  0.00827647
         976     1.07004     1.21439  0.00826932
         977     1.07038     1.21425  0.00826217
         978      1.0707      1.2141  0.00825502
         979       1.071     1.21395  0.00824788
         980     1.07127     1.21381  0.00824075
         981     1.07153     1.21366  0.00823363
         982     1.07176     1.21352  0.00822651
         983     1.07197     1.21337   0.0082194
         984     1.07215     1.21323   0.0082123
         985      1.0723     1.21309  0.00820521
         986     1.07242     1.21294  0.00819813
         987     1.07251      1.2128  0.00819106
         988     1.07256     1.21266    0.008184
         989     1.07258     1.21252  0.00817695
         990     1.07256     1.21238  0.00816991
         991      1.0725     1.21224  0.00816289
         992      1.0724     1.21209  0.00815588
         993     1.07227     1.21195  0.00814888
         994      1.0721     1.21181  0.00814189
         995     1.07188     1.21167  0.00813493
         996     1.07163     1.21153  0.00812797
         997     1.07133     1.21139  0.00812104
         998     1.07099     1.21125  0.00811412
         999     1.07061     1.21111  0.00810722
        1000     1.07019     1.21097  0.00810033
