1	0.0834513	-nan
2	0.0850092	0.0620582
3	0.0842106	0.0696275
4	0.0845043	0.0719752
5	0.0843446	0.0729604
6	0.0846083	0.0733742
7	0.0846445	0.0737817
8	0.084177	0.0739383
9	0.0834475	0.0738784
10	0.0832638	0.0740298
11	0.0835553	0.0742274
12	0.0836006	0.0742323
13	0.0837441	0.0743559
14	0.0836596	0.0743592
15	0.0839415	0.0745221
16	0.0839132	0.0746258
17	0.0838156	0.0745337
18	0.0838038	0.0744203
19	0.083942	0.0746093
20	0.0838018	0.0746188
21	0.0835998	0.0746112
22	0.0833151	0.074524
23	0.0833948	0.0745897
24	0.0834068	0.0745389
25	0.0834739	0.074592
26	0.0835221	0.0745742
27	0.0835314	0.0745869
28	0.0836058	0.074613
29	0.0835875	0.0746103
30	0.0834983	0.0746005
31	0.0834878	0.0745718
32	0.0835711	0.0746005
33	0.0834754	0.0745638
34	0.0835034	0.0745903
35	0.0836028	0.074629
36	0.0835265	0.0746037
37	0.0834949	0.0745559
38	0.0834624	0.0745515
39	0.0834326	0.0745347
40	0.0834716	0.0745113
41	0.0834109	0.0745128
42	0.0833969	0.074545
43	0.0834137	0.0745414
44	0.0834706	0.0745677
45	0.0834866	0.0746034
46	0.0833964	0.0745463
47	0.0833529	0.074561
48	0.0834293	0.0745863
49	0.0834559	0.0745684
50	0.083479	0.0745757
51	0.083462	0.0745805
52	0.0835263	0.0746251
53	0.0835415	0.0746349
54	0.0835627	0.0746706
55	0.0835847	0.0746676
56	0.0836109	0.0746821
57	0.0836901	0.07471
58	0.0837155	0.0746664
59	0.0837698	0.0746879
60	0.083751	0.0747102
61	0.0837098	0.0747053
62	0.0837425	0.0747253
63	0.0837413	0.0747215
64	0.0837719	0.074736
65	0.0837149	0.0746946
66	0.0836848	0.0746484
67	0.0837012	0.0746582
68	0.0837017	0.074669
69	0.0837484	0.0747041
70	0.083762	0.0747
71	0.0837782	0.0747373
72	0.0837687	0.0747455
73	0.0837388	0.0747201
74	0.0837595	0.0747271
75	0.0837463	0.0747325
76	0.083732	0.0747216
77	0.0837214	0.074705
78	0.0837232	0.0746945
79	0.0836985	0.0746924
80	0.0836932	0.0746909
81	0.0836787	0.0746791
82	0.0836142	0.074668
83	0.0836109	0.0746715
84	0.0836137	0.0746795
85	0.0835998	0.0746746
86	0.083634	0.074712
87	0.0836132	0.0747041
88	0.0836399	0.0747003
89	0.0836279	0.0747015
90	0.0836221	0.0747037
91	0.0836534	0.0747213
92	0.0836021	0.0747009
93	0.0835979	0.0747029
94	0.0835908	0.0747089
95	0.0835617	0.0746907
96	0.0835615	0.074688
97	0.0835774	0.0746771
98	0.0835446	0.0746586
99	0.0835353	0.0746464
100	0.0835406	0.0746406
