0.5	-1.00288	0.00145021	11.629	0.755363	4475.1	58.246
0.51	-1.00131	0.00146481	12.1556	0.754877	4347.17	56.8631
0.52	-0.998119	0.00174618	12.9693	0.78165	4178.13	63.7669
0.53	-0.994407	0.00185231	14.2531	0.740379	3987.05	67.734
0.54	-0.992514	0.00186728	14.679	0.700728	3869.77	66.7027
0.55	-0.987306	0.00213457	16.0388	0.692865	3666.25	70.7701
0.56	-0.983799	0.00222625	16.9719	0.693796	3513.21	73.0806
0.57	-0.980742	0.00221844	17.5048	0.674049	3388.18	70.2948
0.58	-0.976324	0.00225883	18.4309	0.64277	3220.92	70.1848
0.59	-0.973284	0.00227348	18.7522	0.606163	3109.92	68.5688
0.6	-0.96632	0.00227416	20.204	0.625822	2886.48	68.914
0.61	-0.962394	0.00233892	20.8538	0.605431	2773.6	67.677
0.62	-0.955979	0.00233999	21.9071	0.55232	2590.05	65.5937
0.63	-0.951203	0.00232376	22.9018	0.589452	2482.38	63.3928
0.64	-0.945466	0.00232868	23.299	0.56864	2327.12	64.5658
0.65	-0.939708	0.00228465	23.9716	0.580253	2185.68	63.7566
0.66	-0.935192	0.00225776	24.2348	0.562117	2077.73	60.1776
0.67	-0.929723	0.00219457	24.1568	0.53436	1953.19	56.6714
0.68	-0.923382	0.00219865	24.4557	0.502607	1820.87	54.6683
0.69	-0.918054	0.0021666	24.6456	0.49755	1723.97	51.3246
0.7	-0.913281	0.00214354	24.4943	0.508018	1638.12	50.9126
0.71	-0.90826	0.00205153	24.7717	0.5039	1549.9	48.497
0.72	-0.902998	0.00202959	24.8997	0.514762	1464.15	46.492
0.73	-0.898181	0.00193748	25.1815	0.52123	1391.71	43.156
0.74	-0.893625	0.00192498	24.9272	0.508132	1338.14	41.5682
0.75	-0.887655	0.00189042	24.7175	0.464384	1258.61	38.4406
0.76	-0.88209	0.00186845	24.0457	0.429536	1170.81	36.3631
0.77	-0.876217	0.00174473	24.3132	0.423883	1097.28	31.7646
0.78	-0.870781	0.00169319	24.1846	0.407458	1028.6	28.912
0.79	-0.866296	0.00159065	24.1777	0.393241	978.359	26.6257
0.8	-0.861185	0.0014748	24.0366	0.389586	919.699	23.7122
0.81	-0.855877	0.00147781	23.9905	0.372231	879.825	22.5398
0.82	-0.851419	0.00143506	23.9843	0.364036	849.059	22.1539
0.83	-0.846445	0.00137327	23.7381	0.362919	802.359	21.2254
0.84	-0.841885	0.00127532	23.4406	0.344765	759.563	19.1478
0.85	-0.836669	0.00132956	23.4173	0.336438	719.849	18.1747
0.86	-0.831699	0.00130765	23.136	0.301048	682.717	16.3027
0.87	-0.826905	0.0012725	23.0426	0.291714	655.334	14.4232
0.88	-0.822852	0.00126622	23.0413	0.28412	633.12	14.7169
0.89	-0.817659	0.0012197	22.7911	0.279776	607.656	13.7495
0.9	-0.813176	0.00117352	22.7334	0.267375	579.265	12.4365
0.91	-0.808949	0.0011298	22.5388	0.254223	554.203	11.5272
0.92	-0.804151	0.0011991	22.3992	0.242539	536.819	12.1184
0.93	-0.799377	0.00113422	22.2461	0.230586	513.565	10.918
0.94	-0.794939	0.00105791	22.1077	0.218885	499.081	10.4185
0.95	-0.789699	0.00102647	21.9806	0.223992	475.781	10.0486
0.96	-0.785234	0.00100394	21.8136	0.207715	458.949	9.79636
0.97	-0.78068	0.000973947	21.7449	0.202088	440.9	8.76604
0.98	-0.776384	0.000964263	21.589	0.197038	430.127	8.13401
0.99	-0.772056	0.000943389	21.686	0.198083	423.038	7.98736
1.0	-0.767834	0.000916821	21.5924	0.192241	410.003	7.45322
1.01	-0.763404	0.000887213	21.4258	0.184664	396.092	7.16184
1.02	-0.759766	0.000887009	21.2899	0.192005	384.093	6.97154
1.03	-0.755332	0.000912818	21.1821	0.185448	369.64	7.07203
1.04	-0.75144	0.000913529	21.0847	0.184813	361.274	7.19124
1.05	-0.747394	0.000910002	20.8511	0.171511	350.415	6.96496
1.06	-0.743565	0.000895914	20.7879	0.172363	342.838	6.52791
1.07	-0.739239	0.000888699	20.5716	0.162626	332.508	6.45186
1.08	-0.734743	0.00088	20.5453	0.169387	322.814	6.38079
1.09	-0.730624	0.000843549	20.4751	0.169161	314.691	6.24099
1.1	-0.726805	0.000846352	20.321	0.1561	307.014	5.97204
1.11	-0.722749	0.000856169	20.0506	0.154625	298.649	5.74387
1.12	-0.718377	0.000836512	20.0014	0.15274	289.979	5.51465
1.13	-0.714125	0.0008066	19.9072	0.147875	281.41	5.17509
1.14	-0.710149	0.000802952	19.8074	0.146233	273.729	5.02757
1.15	-0.706463	0.000790994	19.6198	0.140475	269.152	4.82651
1.16	-0.702321	0.000791237	19.4326	0.141704	262.156	4.36957
1.17	-0.698172	0.000799301	19.2503	0.138592	255.531	4.14249
1.18	-0.694319	0.000804346	19.1745	0.145282	248.698	3.91296
1.19	-0.690473	0.000814925	18.9989	0.13567	241.477	3.64561
1.2	-0.686831	0.00082941	18.8104	0.139864	235.072	3.64842
1.21	-0.683101	0.000808403	18.6085	0.133331	229.558	3.25621
1.22	-0.679459	0.000772282	18.5045	0.130635	224.982	3.0885
1.23	-0.675978	0.000728393	18.305	0.120522	219.36	2.85762
1.24	-0.672461	0.000726328	18.1463	0.119097	214.391	2.74915
1.25	-0.668753	0.00072644	17.9799	0.122973	209.128	2.64065
1.26	-0.664888	0.000768445	17.8192	0.115317	205.854	2.67657
1.27	-0.661186	0.000780606	17.6744	0.112865	200.913	2.52373
1.28	-0.657238	0.000764612	17.5648	0.112683	196.289	2.50783
1.29	-0.653819	0.000747031	17.4607	0.109499	193.021	2.44669
1.3	-0.650207	0.000721284	17.3443	0.110109	187.814	2.2701
1.31	-0.646727	0.000714873	17.1868	0.108196	184.247	2.2495
1.32	-0.643185	0.000693587	17.0429	0.105408	180.752	2.20703
1.33	-0.63953	0.000696806	16.9286	0.104676	176.937	2.14965
1.34	-0.635944	0.00068984	16.7828	0.0956056	172.386	2.11847
1.35	-0.632433	0.00070585	16.6337	0.0962117	169.311	2.07367
1.36	-0.629253	0.000707486	16.5371	0.0988763	165.708	2.02063
1.37	-0.625853	0.000700048	16.3529	0.0965954	162.549	1.92488
1.38	-0.622597	0.000693528	16.241	0.090545	158.542	1.86678
1.39	-0.619062	0.000683829	16.1497	0.0909782	155.468	1.82941
1.4	-0.615699	0.000677983	15.9677	0.0886603	152.336	1.77183
1.41	-0.612639	0.000676026	15.8346	0.0878639	149.395	1.78219
1.42	-0.609432	0.00068718	15.6966	0.0864845	146.907	1.76376
1.43	-0.606238	0.000682101	15.5957	0.0854665	143.868	1.76385
1.44	-0.603173	0.00069386	15.4413	0.0882319	142.046	1.7003
1.45	-0.600132	0.000675922	15.34	0.0869545	139.478	1.59782
1.46	-0.597078	0.000667251	15.1972	0.0867266	137.592	1.53865
1.47	-0.593915	0.00063787	15.0959	0.0908866	135.702	1.51605
1.48	-0.590938	0.000633482	15.0081	0.0903036	133.727	1.54526
1.49	-0.587814	0.00061155	14.8925	0.0928727	131.108	1.49605
1.5	-0.584642	0.000609455	14.775	0.0871686	128.486	1.44083
1.51	-0.581435	0.000607524	14.6817	0.086357	125.914	1.43573
1.52	-0.578379	0.000609274	14.5803	0.0821068	123.891	1.47803
1.53	-0.575416	0.000595201	14.4647	0.082245	122.112	1.47684
1.54	-0.572787	0.00061542	14.3326	0.0811647	120.525	1.48445
1.55	-0.570206	0.000609409	14.2063	0.0794191	119.048	1.4457
1.56	-0.567346	0.000586011	14.1021	0.0804477	117.742	1.42287
1.57	-0.564395	0.000576344	13.987	0.0797701	115.88	1.36518
1.58	-0.561736	0.000585716	13.8999	0.0808178	113.951	1.31998
1.59	-0.559147	0.000581711	13.8034	0.0795429	112.3	1.29369
1.6	-0.556294	0.000583761	13.6934	0.079388	110.634	1.27191
1.61	-0.553584	0.00056116	13.5726	0.079633	109.254	1.20074
1.62	-0.5509	0.000553446	13.4692	0.0788349	107.972	1.15804
1.63	-0.548186	0.000556408	13.3571	0.0766416	106.233	1.12791
1.64	-0.545608	0.000549902	13.2351	0.0759715	104.546	1.09264
1.65	-0.54288	0.000553209	13.1007	0.0749045	103.135	1.06653
1.66	-0.540413	0.000549036	12.9759	0.0737021	101.895	1.04864
1.67	-0.537847	0.000550004	12.8926	0.0714072	100.374	1.04959
1.68	-0.535232	0.00054646	12.7882	0.0714025	99.129	1.08237
1.69	-0.532682	0.000536669	12.6679	0.0697454	97.9686	1.03169
1.7	-0.530138	0.000531813	12.5451	0.0686519	96.8023	1.03967
1.71	-0.527464	0.0005274	12.4384	0.0691119	95.4038	1.01209
1.72	-0.524979	0.000530558	12.3537	0.070077	94.0716	1.01582
1.73	-0.522554	0.000533278	12.2364	0.0696968	93.1266	1.02171
1.74	-0.520046	0.000545861	12.1332	0.0688537	91.9289	0.999026
1.75	-0.517604	0.000561628	12.0329	0.070949	90.5667	0.958319
1.76	-0.5153	0.000563089	11.9213	0.0680737	89.3269	0.943542
1.77	-0.513025	0.000578759	11.8168	0.0684756	88.3566	0.934282
1.78	-0.510841	0.000588826	11.7116	0.0667428	87.2085	0.909518
1.79	-0.508447	0.000595325	11.6459	0.0654385	86.1411	0.896223
1.8	-0.505913	0.000594587	11.5664	0.0644346	84.8695	0.882677
1.81	-0.503668	0.000606671	11.4668	0.0655772	84.0451	0.870774
1.82	-0.501531	0.000595438	11.3724	0.066286	82.9467	0.858421
1.83	-0.499196	0.000576271	11.2777	0.0636371	81.8936	0.835339
1.84	-0.497125	0.000582878	11.188	0.0633143	80.8888	0.801909
1.85	-0.494825	0.000577391	11.1094	0.0619887	79.8098	0.783042
1.86	-0.49243	0.000588516	11.013	0.0619373	78.8327	0.763341
1.87	-0.490243	0.000568045	10.9289	0.0616446	78.056	0.746342
1.88	-0.488107	0.000571394	10.8556	0.0620721	77.1415	0.722959
1.89	-0.485962	0.000573861	10.7871	0.0612665	76.3492	0.711442
1.9	-0.483605	0.000564648	10.7043	0.0588543	75.4954	0.712032
1.91	-0.481424	0.000562478	10.6133	0.0599506	74.6358	0.693036
1.92	-0.479342	0.000554624	10.5271	0.0604032	73.7805	0.68533
1.93	-0.477211	0.000565673	10.4282	0.0604147	73.0307	0.674576
1.94	-0.475145	0.000580818	10.3522	0.060118	72.4228	0.658572
1.95	-0.473013	0.00057201	10.2736	0.057995	71.6088	0.652474
1.96	-0.470929	0.000566602	10.1934	0.0560961	70.8781	0.639665
1.97	-0.468853	0.000568544	10.0944	0.0561166	70.0223	0.612584
1.98	-0.466903	0.000561864	10.0398	0.0545631	69.4464	0.611781
1.99	-0.464969	0.000553769	9.97033	0.0544399	68.6285	0.602532
2.0	-0.46289	0.000544493	9.90682	0.0537187	67.7955	0.593178
