0.5	-0.972303	0.00150664	14.8948	0.54072	3877.53	74.787
0.51	-0.970445	0.00155753	15.1583	0.512302	3754.45	74.6452
0.52	-0.966303	0.00157155	16.1504	0.511069	3519.64	73.9237
0.53	-0.961698	0.00167979	16.5634	0.456612	3285.12	75.3521
0.54	-0.957239	0.00157533	17.5603	0.426298	3077.51	70.2474
0.55	-0.952968	0.00155699	18.4176	0.459015	2895.2	66.7376
0.56	-0.950255	0.00161835	18.3942	0.408805	2771.91	69.2255
0.57	-0.945109	0.00159549	19.1123	0.419592	2575.79	65.2761
0.58	-0.940015	0.00163844	19.5806	0.399384	2394.59	64.3074
0.59	-0.935682	0.00160148	19.5931	0.365948	2233.12	62.7662
0.6	-0.933234	0.00142645	20.1786	0.362909	2151.65	54.5797
0.61	-0.929255	0.00139226	20.1799	0.374761	2027.04	53.2979
0.62	-0.925462	0.00141341	20.4947	0.38019	1931.17	51.5273
0.63	-0.920453	0.00139416	20.1612	0.404609	1782.03	48.9726
0.64	-0.915543	0.0013539	20.8095	0.444166	1677.85	46.6181
0.65	-0.912907	0.0013126	21.1583	0.381916	1645.31	43.4336
0.66	-0.908	0.00117515	20.6338	0.39543	1486.61	40.4483
0.67	-0.904768	0.00121606	20.8219	0.384742	1433.54	38.9393
0.68	-0.900493	0.00121293	20.6664	0.373078	1345.5	36.0286
0.69	-0.896395	0.00121574	20.8966	0.389808	1277.46	35.1545
0.7	-0.891473	0.00112153	20.9684	0.359646	1184	29.2965
0.71	-0.887688	0.000975081	21.3995	0.329975	1149.79	26.0101
0.72	-0.883878	0.00105879	21.8826	0.30542	1130.49	26.2964
0.73	-0.879415	0.00109466	21.5896	0.306218	1065.32	26.7832
0.74	-0.875166	0.0010953	21.9602	0.250448	1023.11	24.4267
0.75	-0.871441	0.00105466	22.1055	0.27783	999.196	22.9879
0.76	-0.867632	0.000943606	22.0073	0.278436	962.343	19.9731
0.77	-0.863372	0.000921733	21.8456	0.281761	905.154	17.929
0.78	-0.858761	0.000962605	22.2696	0.283567	871.853	16.7666
0.79	-0.853636	0.000967573	22.3135	0.291824	812.92	16.5891
0.8	-0.849509	0.00093298	22.2509	0.277637	778.28	15.1411
0.81	-0.844964	0.000884284	21.9952	0.256895	737.93	14.5815
0.82	-0.839886	0.000850891	22.333	0.247698	710.444	14.6459
0.83	-0.835577	0.000823	22.6331	0.223218	667.809	14.1245
0.84	-0.831313	0.000794293	22.3337	0.237429	642.745	12.4896
0.85	-0.826613	0.000773795	22.3719	0.244491	618.07	11.4882
0.86	-0.822803	0.000784092	22.3835	0.225949	602.26	11.1646
0.87	-0.817817	0.000721585	22.1719	0.218554	567.557	9.81946
0.88	-0.81401	0.000768535	21.8802	0.227648	547.262	10.1203
0.89	-0.809164	0.000770429	21.9444	0.219929	535.985	10.8702
0.9	-0.804267	0.000770347	21.9649	0.205819	514.306	9.15443
0.91	-0.799678	0.000691152	21.7864	0.21016	490.962	8.11483
0.92	-0.796002	0.0007024	21.6168	0.206044	477.162	8.55631
0.93	-0.791232	0.000779368	21.4761	0.185709	462.057	8.4311
0.94	-0.786549	0.000782231	21.3573	0.197902	443.172	8.02701
0.95	-0.782732	0.00074296	21.2506	0.188389	424.082	6.7931
0.96	-0.77856	0.000773798	21.1382	0.187317	409.778	6.03006
0.97	-0.774396	0.000819479	20.9695	0.17602	400.275	6.79678
0.98	-0.770768	0.000786313	20.9146	0.191288	395.983	5.74314
0.99	-0.76715	0.000806103	21.0228	0.183835	393.922	6.07256
1.0	-0.762469	0.000776819	20.9105	0.176627	377.272	5.76606
1.01	-0.758051	0.000766122	20.6792	0.176454	354.938	5.84213
1.02	-0.754448	0.000756035	20.6904	0.191491	353.79	5.26555
1.03	-0.749468	0.000758645	20.4761	0.180234	339.038	5.76126
1.04	-0.745031	0.000744175	20.4844	0.172227	326.564	4.68635
1.05	-0.741493	0.000741748	20.354	0.175768	324.115	4.78706
1.06	-0.737215	0.00071378	20.179	0.159756	303.836	3.94131
1.07	-0.734036	0.000710719	20.1632	0.160221	307.328	4.27788
1.08	-0.729664	0.000685172	20.1386	0.157861	298.799	4.00835
1.09	-0.725735	0.000707249	19.9265	0.162086	292.813	3.76704
1.1	-0.721455	0.00070938	19.6815	0.158314	279.885	3.90495
1.11	-0.716896	0.000651857	19.6149	0.154969	276.795	3.45733
1.12	-0.713116	0.000704985	19.632	0.140428	272.916	3.03428
1.13	-0.708658	0.000725468	19.481	0.141043	257.942	3.27141
1.14	-0.705103	0.000692782	19.3885	0.120623	256.13	3.5002
1.15	-0.701025	0.000608241	19.3423	0.123739	244.397	3.50187
1.16	-0.697752	0.000660543	19.2951	0.12547	241.579	3.19683
1.17	-0.69375	0.000635134	18.9944	0.127853	236.995	3.08695
1.18	-0.689993	0.000659076	18.5914	0.114539	225.82	2.72252
1.19	-0.686064	0.000629057	18.4785	0.121033	227.12	2.76512
1.2	-0.682736	0.000663229	18.2849	0.104712	217.971	2.81426
1.21	-0.678889	0.000631535	18.2926	0.117299	217.87	2.67707
1.22	-0.675551	0.000691807	18.2009	0.1161	216.069	2.44023
1.23	-0.672122	0.000641216	17.9299	0.107572	212.695	2.70736
1.24	-0.668672	0.000685031	17.9845	0.102095	207.85	2.34174
1.25	-0.664646	0.000654238	17.8398	0.113835	199.431	2.43142
1.26	-0.661442	0.00066455	17.6177	0.0965653	194.75	2.26003
1.27	-0.657274	0.000621318	17.3778	0.091874	188.06	2.11708
1.28	-0.653832	0.000680802	17.2955	0.0935835	182.324	2.44067
1.29	-0.650094	0.000743603	17.1634	0.0879163	178.766	2.00721
1.3	-0.646377	0.000709559	17.1456	0.0965856	175.266	1.96017
1.31	-0.64314	0.00071024	16.9176	0.101624	173.317	1.93727
1.32	-0.640372	0.000731188	16.7984	0.0944633	172.756	1.76059
1.33	-0.636579	0.000695196	16.6373	0.0990725	168.063	1.83732
1.34	-0.633324	0.000723253	16.552	0.0919776	164.056	1.70375
1.35	-0.630084	0.000703846	16.4217	0.100654	163.772	1.67201
1.36	-0.62644	0.000647772	16.2414	0.0976962	159.156	1.51143
1.37	-0.623078	0.000642812	16.1199	0.0911317	157.302	1.52844
1.38	-0.620232	0.000652405	15.9574	0.0927323	153.976	1.66028
1.39	-0.616103	0.000681764	15.866	0.0887219	151.747	1.71957
1.4	-0.613042	0.000648777	15.6355	0.0958633	146.126	1.43741
1.41	-0.609879	0.000659343	15.636	0.0856791	145.075	1.38879
1.42	-0.6071	0.000642351	15.549	0.091207	143.703	1.28981
1.43	-0.604345	0.000672504	15.3786	0.0855148	141.668	1.28223
1.44	-0.601632	0.000648931	15.303	0.0873272	142.72	1.26542
1.45	-0.598082	0.000627468	15.1738	0.0917523	137.262	1.16908
1.46	-0.594886	0.000629195	15.0032	0.0785673	134.866	1.31645
1.47	-0.59172	0.000649606	14.9811	0.083681	133.113	1.1872
1.48	-0.588457	0.000668583	14.7957	0.0755804	129.087	1.22693
1.49	-0.586259	0.000680414	14.7427	0.0692053	127.927	1.2873
1.5	-0.583281	0.000655059	14.5132	0.0672691	125.602	1.26147
1.51	-0.580375	0.000646432	14.392	0.075437	125.219	1.09087
1.52	-0.577554	0.000673711	14.3383	0.073832	123.34	1.19387
1.53	-0.574654	0.000632005	14.233	0.077446	123.076	1.33925
1.54	-0.571115	0.000647873	14.0432	0.0790978	119.042	1.12526
1.55	-0.568481	0.000669831	14.007	0.0687014	117.795	1.13063
1.56	-0.565616	0.000662518	13.88	0.0697463	116.051	1.07076
1.57	-0.563047	0.000618284	13.8133	0.0762867	114.548	0.897287
1.58	-0.560245	0.000634143	13.6471	0.0731686	112.788	0.987394
1.59	-0.557568	0.000659058	13.6175	0.0745878	110.761	0.996551
1.6	-0.554667	0.000632803	13.4892	0.0759702	109.704	0.937713
1.61	-0.552196	0.000607009	13.3342	0.0731811	108.205	0.851201
1.62	-0.549392	0.000570092	13.2043	0.0663409	107.062	0.911426
1.63	-0.546996	0.000612725	13.101	0.0668941	104.193	0.960663
1.64	-0.544463	0.000530503	13.0248	0.0681175	102.151	0.859474
1.65	-0.541752	0.000543675	12.8676	0.0663966	102.627	0.794871
1.66	-0.538958	0.000544623	12.7895	0.0662798	99.8367	0.840616
1.67	-0.536503	0.000500741	12.6429	0.0641658	99.0417	0.772818
1.68	-0.533942	0.000518565	12.5737	0.0649236	97.885	0.734593
1.69	-0.531099	0.000507492	12.4707	0.0629472	96.1757	0.713929
1.7	-0.528601	0.000521275	12.3477	0.0671531	94.8839	0.726581
1.71	-0.52628	0.000493301	12.2463	0.0661938	92.8244	0.78617
1.72	-0.523982	0.00053792	12.1984	0.0583384	92.1386	0.765206
1.73	-0.521876	0.000533023	12.0625	0.0642675	90.7393	0.663256
1.74	-0.519198	0.000515177	11.9897	0.0606295	90.8475	0.73472
1.75	-0.516491	0.000483544	11.91	0.0684705	89.7124	0.721316
1.76	-0.513899	0.000538545	11.8064	0.0617913	88.063	0.644065
1.77	-0.511715	0.000555181	11.6999	0.0660569	87.4427	0.71747
1.78	-0.50926	0.000517582	11.6293	0.0618553	86.0517	0.620872
1.79	-0.506667	0.00054295	11.5874	0.0595359	86.2604	0.669338
1.8	-0.504601	0.00054258	11.4632	0.058233	85.0776	0.625764
1.81	-0.502416	0.000551593	11.3858	0.0604145	83.4688	0.611319
1.82	-0.500096	0.000577825	11.3084	0.0592094	82.4143	0.642348
1.83	-0.497878	0.000532055	11.2388	0.0531041	80.6227	0.648219
1.84	-0.496046	0.000537347	11.1418	0.0517102	80.6601	0.664385
1.85	-0.493922	0.000522217	11.0235	0.0512332	80.2224	0.629274
1.86	-0.491497	0.000527684	10.9887	0.0538473	79.0952	0.581423
1.87	-0.489189	0.000559632	10.9318	0.0580372	78.9564	0.578354
1.88	-0.487122	0.000584091	10.8331	0.0558284	77.3115	0.652019
1.89	-0.484883	0.00051539	10.7281	0.0549861	76.7245	0.570317
1.9	-0.482806	0.000547251	10.6429	0.0562109	75.4023	0.606587
1.91	-0.480724	0.000582229	10.6209	0.0579508	74.8592	0.575898
1.92	-0.478343	0.000572586	10.4887	0.0522961	74.0542	0.47727
1.93	-0.476629	0.000545122	10.3928	0.0535293	74.445	0.54516
1.94	-0.474415	0.000569518	10.3373	0.0540857	72.7931	0.512574
1.95	-0.472469	0.000571499	10.2626	0.0538977	71.7771	0.486771
1.96	-0.47037	0.000603648	10.2174	0.054733	71.4893	0.551786
1.97	-0.468137	0.000602676	10.1435	0.0540694	70.2717	0.522821
1.98	-0.46628	0.000596072	10.0597	0.04996	69.3931	0.480378
1.99	-0.463902	0.000606256	9.9879	0.0517084	68.5229	0.471352
2.0	-0.461912	0.000574659	9.90688	0.0518009	67.7912	0.498072
