1	-0.349328	0.0109321
2	0.5977	0.0320321
3	-0.339093	0.0161609
4	-0.175786	0.0519438
5	-0.180957	0.017196
6	-0.199603	0.0395329
7	-0.206197	0.039993
8	0.832072	0.1144
9	0.757092	0.0282861
10	-0.235542	0.0163015
11	0.124206	0.0483738
12	-0.199894	0.0278778
13	0.0519681	0.0213914
14	0.0153251	0.0220239
15	0.117694	0.0233644
16	0.0464775	0.131399
17	0.920106	0.227467
18	-0.234047	0.0135494
19	-0.27551	0.0224375
20	-0.179512	0.0581831
21	-0.425046	0.0083163
22	-0.27105	0.0211154
23	-0.194698	0.0616897
24	0.0139625	0.0995751
25	-0.178324	0.0598791
26	-0.141634	0.0456603
27	-0.157489	0.0439914
28	-0.285208	0.0326721
29	-0.262641	0.012522
30	-0.291982	0.0135342
31	-0.308984	0.0322
32	-0.429029	0.00802241
33	-0.256564	0.0198543
34	-0.207421	0.0171349
35	-0.312962	0.0182328
36	-0.298191	0.0152464
37	-0.292989	0.0169134
38	-0.344666	0.0110624
39	-0.423223	0.00660994
40	-0.142368	0.0161976
41	-0.102422	0.0486826
42	-0.307348	0.0134978
43	-0.419067	0.00991739
44	-0.412059	0.00774323
45	-0.334714	0.0111229
46	-0.349553	0.0247087
47	-0.322004	0.0120472
48	-0.238775	0.0294347
49	-0.294079	0.0142801
50	-0.214629	0.0397196
51	-0.383536	0.00931175
52	-0.446555	0.00692309
53	-0.254166	0.0218078
54	-0.431861	0.00771606
55	-0.439127	0.00580933
56	-0.396747	0.0130047
57	-0.30944	0.0112801
58	-0.324887	0.0139018
59	-0.445723	0.00690268
60	-0.429636	0.00717591
61	-0.381359	0.00840356
62	-0.435137	0.00635682
63	-0.412934	0.0154849
64	-0.437139	0.00568916
65	-0.440518	0.00694845
66	-0.442936	0.00525057
67	-0.373352	0.0126555
68	-0.408668	0.00648088
69	-0.42513	0.00780143
70	-0.416267	0.0085756
71	-0.422174	0.0122304
72	-0.449706	0.00654671
73	-0.413392	0.00717718
74	-0.430871	0.00632117
75	-0.444769	0.00718081
76	-0.426866	0.0135876
77	-0.403673	0.0211014
78	-0.441108	0.00961843
79	-0.444943	0.00733813
80	-0.43879	0.00583229
81	-0.42976	0.00897721
82	-0.402267	0.00757955
83	-0.422855	0.0113548
84	-0.416501	0.0113686
85	-0.454248	0.00604151
86	-0.431328	0.00613345
87	-0.429563	0.00744466
88	-0.422732	0.00757277
89	-0.445804	0.00576632
90	-0.451501	0.00639788
91	-0.451768	0.00608603
92	-0.438354	0.0182713
93	-0.414822	0.00782214
94	-0.445729	0.00839391
95	-0.450995	0.00499204
96	-0.440205	0.00752134
97	-0.453408	0.00525386
98	-0.436203	0.0067565
99	-0.449801	0.00699466
100	-0.453386	0.00582712
101	-0.454463	0.0058041
102	-0.434041	0.00684685
103	-0.446823	0.00701494
104	-0.457257	0.00662693
105	-0.453798	0.00444073
106	-0.45102	0.00873682
107	-0.443332	0.00525075
108	-0.452885	0.00613055
109	-0.445078	0.00643751
110	-0.451614	0.00635832
111	-0.45033	0.00704124
112	-0.455079	0.00710208
113	-0.453201	0.00449627
114	-0.456623	0.00546143
115	-0.464127	0.00466371
116	-0.465008	0.005002
117	-0.470505	0.00557999
118	-0.470505	0.00557999
119	-0.456667	0.0056689
120	-0.461269	0.00499893
121	-0.459662	0.00496938
122	-0.464005	0.00678313
123	-0.462607	0.00474425
124	-0.464196	0.00428607
125	-0.464196	0.00428607
126	-0.464196	0.00428607
127	-0.464196	0.00428607
128	-0.464196	0.00428607
129	-0.462144	0.00649825
130	-0.463112	0.00573423
131	-0.463112	0.00573423
132	-0.461314	0.00722613
133	-0.465135	0.0059636
134	-0.465135	0.0059636
135	-0.465135	0.0059636
